1st cross bottom right

APD1 17k
APD2 18k

Time 1000s
Power 675 uW

BG APD1 7k
BG APD2 3.5k

#TimeHarp 200  Histogram Data			16.02.2023 15:34:59
#channels per curve
4096
#display curve no.
0	
#memory block no.
0	
#ns/channel
0.8875	
#counts
257	
263	
245	
280	
271	
269	
245	
245	
259	
269	
246	
273	
290	
254	
271	
283	
289	
268	
252	
273	
249	
258	
228	
267	
283	
255	
274	
277	
246	
255	
267	
284	
288	
268	
268	
249	
249	
245	
288	
287	
264	
266	
256	
282	
274	
286	
271	
238	
277	
264	
264	
257	
242	
265	
274	
250	
261	
261	
277	
262	
253	
266	
272	
245	
246	
246	
274	
240	
273	
279	
291	
284	
272	
276	
238	
285	
283	
240	
248	
263	
288	
255	
267	
258	
261	
260	
237	
264	
272	
245	
245	
266	
246	
267	
262	
261	
268	
264	
275	
246	
276	
256	
255	
246	
268	
295	
241	
279	
266	
288	
268	
279	
257	
281	
265	
246	
307	
265	
254	
258	
282	
282	
250	
281	
263	
269	
235	
276	
266	
269	
266	
228	
276	
302	
287	
279	
263	
281	
269	
254	
266	
247	
228	
271	
274	
284	
288	
259	
246	
227	
275	
272	
276	
251	
254	
290	
276	
241	
307	
272	
274	
271	
256	
255	
287	
234	
238	
253	
254	
232	
241	
289	
255	
296	
250	
281	
252	
261	
279	
298	
309	
249	
285	
272	
268	
271	
265	
279	
265	
266	
235	
280	
249	
270	
259	
265	
272	
277	
292	
233	
286	
263	
260	
286	
257	
260	
262	
219	
234	
282	
286	
271	
255	
269	
269	
253	
276	
249	
280	
253	
279	
265	
247	
293	
257	
258	
286	
272	
277	
239	
272	
267	
262	
268	
236	
252	
280	
278	
261	
295	
271	
278	
265	
275	
307	
266	
266	
325	
281	
267	
233	
272	
244	
253	
277	
274	
246	
258	
268	
290	
271	
284	
271	
257	
256	
242	
283	
259	
299	
253	
247	
279	
283	
270	
261	
263	
263	
259	
246	
289	
262	
232	
290	
253	
288	
261	
250	
291	
243	
257	
250	
282	
265	
264	
276	
277	
255	
221	
291	
227	
261	
273	
271	
251	
300	
295	
262	
278	
252	
259	
290	
276	
264	
287	
264	
254	
273	
289	
280	
274	
282	
271	
269	
274	
261	
282	
273	
279	
268	
276	
284	
266	
275	
272	
273	
268	
244	
264	
299	
283	
283	
259	
261	
283	
287	
279	
278	
243	
281	
282	
258	
290	
269	
249	
254	
252	
255	
283	
259	
269	
283	
260	
230	
299	
239	
287	
269	
256	
272	
287	
260	
273	
270	
280	
263	
259	
267	
305	
268	
263	
258	
238	
259	
290	
279	
232	
299	
246	
249	
245	
259	
262	
264	
248	
270	
275	
308	
256	
282	
273	
270	
268	
278	
262	
253	
262	
277	
276	
274	
261	
234	
228	
280	
266	
276	
270	
257	
296	
261	
276	
270	
260	
245	
263	
257	
262	
258	
248	
284	
268	
269	
263	
262	
277	
246	
295	
258	
264	
267	
270	
273	
276	
283	
263	
257	
240	
263	
283	
253	
267	
282	
272	
280	
276	
261	
279	
241	
249	
273	
288	
273	
251	
242	
272	
251	
244	
233	
264	
260	
250	
274	
273	
258	
266	
265	
244	
262	
254	
289	
273	
282	
260	
274	
242	
245	
268	
248	
248	
298	
259	
262	
287	
278	
244	
297	
260	
234	
253	
279	
291	
289	
275	
251	
288	
245	
255	
285	
254	
250	
275	
288	
280	
297	
259	
243	
266	
272	
282	
265	
295	
280	
264	
292	
257	
240	
265	
285	
280	
263	
271	
269	
227	
257	
261	
259	
269	
284	
269	
292	
256	
267	
255	
259	
265	
277	
254	
274	
254	
257	
262	
289	
257	
292	
257	
280	
305	
254	
274	
281	
275	
253	
284	
262	
228	
263	
262	
263	
268	
246	
274	
258	
242	
264	
262	
281	
286	
285	
247	
274	
261	
297	
298	
259	
291	
246	
266	
274	
248	
280	
300	
303	
280	
277	
258	
259	
262	
254	
258	
259	
235	
284	
279	
251	
263	
261	
253	
316	
286	
273	
260	
234	
251	
251	
278	
289	
252	
275	
233	
266	
285	
253	
313	
273	
258	
256	
258	
271	
254	
286	
296	
267	
282	
267	
253	
289	
287	
260	
270	
261	
276	
303	
266	
265	
279	
277	
254	
262	
318	
274	
285	
266	
293	
289	
294	
254	
257	
268	
242	
251	
272	
280	
252	
275	
274	
256	
290	
287	
265	
239	
279	
270	
253	
301	
276	
252	
267	
277	
264	
251	
255	
243	
247	
270	
251	
253	
228	
283	
289	
249	
271	
245	
252	
268	
243	
275	
243	
275	
247	
289	
257	
257	
293	
271	
300	
264	
259	
245	
292	
290	
272	
265	
284	
283	
298	
243	
266	
295	
268	
291	
299	
265	
292	
287	
252	
281	
263	
281	
259	
271	
253	
277	
260	
277	
225	
280	
282	
275	
286	
251	
288	
291	
289	
266	
281	
259	
268	
275	
252	
239	
245	
312	
264	
255	
268	
275	
256	
276	
260	
263	
267	
293	
273	
264	
267	
319	
267	
275	
248	
274	
295	
265	
276	
283	
282	
248	
263	
310	
257	
276	
257	
271	
244	
250	
268	
272	
265	
272	
272	
258	
305	
251	
281	
252	
305	
296	
279	
275	
276	
275	
261	
295	
261	
274	
276	
265	
259	
280	
289	
277	
267	
301	
263	
257	
267	
255	
257	
257	
244	
271	
267	
253	
234	
229	
234	
265	
266	
227	
277	
283	
265	
275	
233	
257	
246	
250	
288	
246	
274	
267	
268	
279	
280	
254	
242	
252	
265	
277	
299	
265	
243	
253	
273	
246	
266	
236	
260	
271	
268	
254	
281	
274	
273	
266	
235	
257	
281	
243	
267	
260	
306	
261	
268	
260	
292	
288	
273	
295	
259	
285	
265	
268	
281	
262	
279	
288	
246	
256	
258	
248	
279	
266	
239	
280	
281	
272	
248	
278	
271	
258	
247	
244	
298	
267	
267	
261	
290	
246	
262	
253	
258	
254	
274	
261	
251	
279	
263	
251	
255	
260	
295	
257	
276	
263	
274	
252	
261	
299	
268	
268	
299	
287	
267	
283	
257	
275	
296	
260	
256	
271	
268	
253	
270	
230	
268	
275	
277	
270	
233	
240	
286	
252	
251	
284	
250	
245	
289	
268	
294	
298	
269	
284	
268	
231	
234	
276	
264	
310	
259	
280	
268	
310	
236	
270	
274	
287	
275	
246	
245	
287	
265	
266	
275	
280	
279	
279	
263	
275	
260	
308	
253	
275	
274	
257	
237	
295	
293	
258	
281	
260	
286	
304	
252	
255	
278	
281	
290	
264	
286	
254	
287	
249	
290	
272	
282	
264	
256	
278	
256	
260	
262	
273	
276	
256	
243	
240	
261	
293	
259	
279	
253	
259	
258	
276	
280	
274	
247	
276	
268	
262	
254	
235	
256	
272	
268	
295	
269	
278	
251	
264	
252	
266	
276	
272	
264	
281	
268	
292	
280	
224	
263	
266	
291	
254	
277	
253	
269	
291	
257	
257	
283	
250	
284	
279	
268	
293	
230	
257	
249	
261	
247	
282	
299	
249	
294	
246	
263	
294	
284	
295	
273	
241	
276	
278	
255	
276	
289	
305	
277	
255	
247	
265	
281	
263	
272	
281	
264	
276	
287	
282	
258	
285	
280	
293	
234	
262	
253	
300	
256	
268	
256	
270	
270	
260	
284	
270	
255	
246	
265	
286	
262	
286	
262	
291	
266	
269	
294	
276	
248	
264	
262	
268	
265	
266	
289	
266	
280	
277	
283	
297	
273	
275	
269	
255	
272	
246	
317	
267	
252	
273	
260	
306	
273	
286	
278	
268	
255	
269	
251	
267	
298	
250	
288	
239	
306	
259	
271	
290	
268	
246	
276	
242	
294	
251	
285	
280	
255	
256	
264	
290	
262	
293	
266	
271	
295	
259	
268	
292	
252	
266	
268	
272	
291	
263	
312	
263	
269	
301	
268	
266	
297	
264	
265	
249	
302	
282	
247	
268	
305	
288	
250	
278	
277	
271	
267	
290	
263	
294	
257	
284	
266	
251	
282	
246	
287	
257	
297	
272	
285	
247	
252	
257	
283	
292	
282	
285	
271	
264	
258	
297	
278	
286	
263	
284	
269	
276	
281	
256	
259	
268	
270	
266	
283	
287	
261	
263	
263	
293	
266	
278	
263	
271	
252	
277	
262	
259	
257	
283	
267	
271	
255	
258	
288	
236	
277	
247	
256	
287	
314	
272	
265	
290	
271	
267	
268	
294	
267	
288	
267	
297	
272	
299	
304	
290	
263	
324	
294	
272	
258	
268	
271	
253	
273	
246	
261	
277	
259	
277	
270	
298	
276	
272	
280	
260	
251	
290	
273	
279	
262	
269	
261	
271	
289	
301	
271	
249	
301	
251	
283	
274	
280	
257	
254	
266	
266	
286	
272	
258	
276	
270	
275	
273	
303	
267	
265	
263	
318	
293	
271	
283	
280	
264	
298	
279	
275	
297	
272	
272	
278	
305	
301	
290	
268	
281	
261	
235	
242	
262	
261	
278	
269	
264	
258	
271	
257	
273	
256	
252	
283	
295	
254	
264	
295	
243	
256	
263	
262	
285	
277	
255	
269	
271	
302	
266	
243	
269	
271	
278	
263	
293	
253	
253	
264	
307	
262	
277	
295	
255	
298	
280	
241	
280	
281	
279	
282	
291	
279	
280	
248	
297	
271	
274	
284	
241	
290	
276	
274	
253	
259	
239	
266	
276	
262	
262	
295	
253	
289	
260	
263	
318	
261	
323	
298	
262	
263	
294	
262	
257	
270	
274	
307	
289	
275	
288	
278	
269	
238	
249	
257	
259	
270	
286	
265	
264	
265	
271	
275	
268	
285	
281	
268	
279	
282	
265	
269	
272	
284	
289	
233	
282	
275	
300	
266	
251	
278	
259	
273	
281	
260	
291	
277	
295	
263	
290	
289	
298	
262	
278	
263	
273	
254	
284	
245	
286	
277	
248	
286	
308	
255	
273	
224	
265	
292	
237	
280	
255	
277	
260	
275	
276	
275	
226	
282	
292	
265	
300	
283	
301	
270	
281	
264	
302	
276	
282	
254	
261	
270	
267	
292	
278	
251	
284	
256	
272	
293	
273	
280	
266	
292	
308	
288	
279	
301	
295	
265	
266	
289	
266	
279	
236	
277	
261	
255	
256	
271	
290	
269	
306	
255	
276	
279	
275	
292	
250	
245	
270	
256	
262	
275	
262	
279	
264	
265	
255	
278	
269	
255	
264	
274	
268	
254	
307	
291	
291	
264	
284	
241	
270	
274	
266	
279	
292	
279	
287	
257	
264	
265	
273	
250	
260	
238	
308	
255	
272	
278	
249	
267	
281	
329	
271	
277	
279	
271	
250	
263	
264	
296	
280	
286	
261	
283	
291	
276	
278	
299	
272	
261	
242	
285	
276	
279	
282	
284	
271	
291	
273	
271	
263	
265	
266	
274	
269	
260	
297	
279	
270	
265	
273	
277	
296	
231	
276	
265	
262	
275	
281	
292	
264	
248	
268	
271	
280	
309	
278	
285	
259	
292	
265	
261	
287	
281	
242	
271	
279	
287	
261	
272	
262	
251	
291	
279	
285	
273	
247	
261	
230	
303	
292	
267	
285	
287	
262	
284	
290	
278	
256	
270	
271	
267	
244	
260	
272	
247	
286	
268	
259	
298	
289	
278	
271	
271	
260	
255	
257	
285	
260	
257	
243	
273	
264	
296	
295	
278	
289	
290	
267	
264	
249	
277	
259	
280	
289	
273	
270	
258	
270	
275	
227	
276	
303	
241	
264	
295	
272	
291	
261	
260	
284	
263	
261	
292	
299	
287	
280	
255	
275	
252	
279	
260	
263	
292	
255	
249	
297	
283	
266	
269	
278	
273	
255	
274	
292	
301	
288	
254	
272	
255	
267	
276	
281	
275	
239	
298	
284	
280	
284	
299	
272	
257	
263	
260	
274	
256	
287	
307	
290	
282	
262	
296	
289	
304	
263	
267	
243	
283	
273	
291	
267	
286	
285	
273	
264	
273	
265	
283	
273	
285	
267	
287	
280	
252	
285	
268	
279	
291	
251	
256	
251	
274	
261	
279	
293	
301	
295	
254	
271	
269	
246	
300	
259	
268	
269	
284	
314	
261	
290	
283	
270	
261	
280	
285	
259	
280	
273	
262	
264	
269	
280	
262	
268	
298	
293	
288	
273	
260	
283	
305	
273	
269	
311	
285	
268	
308	
285	
267	
266	
252	
283	
255	
288	
288	
276	
281	
270	
245	
302	
264	
250	
281	
286	
282	
284	
263	
281	
281	
281	
266	
304	
245	
287	
287	
266	
281	
266	
296	
259	
308	
294	
289	
282	
250	
279	
289	
261	
260	
269	
259	
284	
282	
263	
279	
264	
300	
269	
283	
271	
237	
268	
302	
283	
268	
291	
290	
310	
287	
270	
303	
284	
281	
272	
270	
286	
266	
252	
259	
293	
285	
281	
274	
275	
267	
254	
274	
270	
261	
276	
229	
244	
291	
241	
293	
264	
268	
274	
289	
247	
261	
283	
262	
253	
306	
304	
258	
274	
249	
276	
241	
287	
275	
271	
258	
293	
258	
291	
274	
239	
295	
292	
270	
269	
269	
267	
283	
287	
293	
290	
264	
303	
296	
266	
270	
284	
261	
295	
275	
277	
296	
284	
274	
240	
289	
296	
274	
283	
286	
258	
269	
271	
302	
285	
273	
261	
280	
271	
281	
267	
272	
290	
265	
329	
255	
268	
277	
296	
302	
292	
277	
281	
254	
263	
305	
268	
269	
264	
276	
291	
301	
315	
278	
271	
265	
278	
311	
281	
259	
294	
268	
287	
272	
264	
290	
249	
305	
265	
269	
301	
282	
244	
256	
261	
258	
280	
311	
242	
271	
288	
280	
268	
291	
251	
287	
280	
280	
257	
280	
306	
281	
301	
268	
280	
273	
277	
282	
299	
257	
300	
275	
245	
279	
295	
332	
295	
266	
318	
269	
254	
272	
269	
269	
274	
277	
295	
256	
259	
278	
271	
267	
265	
283	
270	
290	
280	
300	
291	
288	
275	
259	
278	
280	
252	
274	
274	
276	
281	
234	
271	
264	
278	
285	
276	
277	
276	
262	
266	
257	
280	
270	
272	
249	
289	
271	
265	
245	
278	
282	
267	
252	
290	
260	
265	
257	
259	
243	
292	
266	
260	
259	
283	
266	
287	
260	
306	
277	
285	
290	
259	
259	
273	
249	
282	
295	
262	
252	
285	
271	
263	
262	
266	
267	
282	
245	
257	
284	
293	
305	
266	
253	
280	
257	
265	
287	
302	
289	
244	
272	
266	
286	
299	
269	
280	
256	
297	
248	
278	
269	
286	
295	
254	
299	
267	
260	
281	
290	
274	
314	
266	
290	
279	
275	
291	
262	
248	
279	
256	
288	
274	
297	
259	
280	
243	
276	
294	
294	
294	
251	
293	
259	
256	
284	
313	
283	
264	
267	
280	
293	
280	
273	
267	
285	
265	
257	
264	
292	
298	
280	
283	
258	
298	
276	
291	
288	
247	
262	
285	
287	
268	
267	
316	
297	
303	
268	
287	
290	
259	
300	
281	
258	
254	
274	
291	
274	
286	
246	
284	
293	
277	
297	
264	
292	
282	
252	
261	
268	
270	
311	
257	
299	
272	
269	
280	
272	
281	
267	
284	
281	
279	
312	
288	
268	
265	
284	
255	
283	
288	
249	
283	
242	
291	
258	
251	
297	
315	
292	
269	
277	
290	
290	
306	
267	
257	
266	
284	
287	
253	
298	
307	
287	
274	
284	
281	
262	
306	
261	
284	
289	
258	
290	
278	
264	
268	
286	
289	
277	
277	
280	
255	
269	
235	
262	
251	
258	
267	
261	
296	
262	
257	
239	
292	
281	
276	
273	
270	
258	
250	
268	
266	
282	
276	
266	
272	
293	
295	
265	
297	
308	
292	
300	
270	
269	
232	
267	
310	
286	
250	
273	
266	
287	
312	
272	
270	
283	
250	
245	
291	
308	
289	
307	
265	
278	
296	
268	
264	
298	
290	
283	
243	
268	
258	
260	
268	
238	
246	
284	
292	
279	
302	
291	
257	
273	
309	
297	
292	
266	
282	
254	
256	
287	
271	
258	
266	
259	
263	
280	
294	
286	
255	
277	
270	
254	
265	
289	
258	
258	
276	
282	
239	
267	
287	
294	
299	
297	
263	
287	
292	
261	
286	
298	
279	
258	
250	
287	
298	
287	
257	
274	
260	
249	
281	
264	
270	
284	
255	
259	
279	
285	
278	
268	
283	
248	
279	
263	
269	
264	
291	
263	
257	
265	
250	
299	
322	
271	
294	
291	
275	
273	
256	
298	
262	
295	
278	
280	
294	
256	
250	
242	
241	
271	
249	
263	
262	
285	
279	
292	
260	
286	
277	
286	
302	
304	
282	
303	
278	
287	
245	
299	
287	
274	
271	
274	
239	
289	
275	
274	
272	
252	
298	
248	
297	
269	
289	
279	
286	
253	
263	
274	
266	
268	
284	
260	
285	
282	
275	
266	
270	
268	
296	
277	
267	
294	
294	
261	
305	
269	
268	
296	
291	
274	
299	
271	
244	
266	
262	
273	
269	
290	
293	
260	
273	
292	
269	
279	
274	
269	
281	
265	
275	
274	
298	
268	
260	
252	
260	
275	
275	
269	
279	
280	
272	
297	
248	
277	
243	
288	
253	
302	
323	
241	
278	
263	
312	
263	
268	
306	
254	
301	
278	
272	
267	
305	
295	
249	
263	
283	
278	
249	
316	
259	
283	
280	
263	
258	
267	
266	
265	
252	
270	
271	
285	
272	
305	
284	
262	
269	
283	
257	
280	
307	
287	
298	
273	
253	
283	
284	
266	
280	
253	
278	
276	
294	
287	
306	
275	
283	
289	
262	
242	
290	
275	
256	
298	
263	
276	
270	
278	
257	
290	
312	
284	
289	
263	
301	
293	
288	
292	
257	
291	
292	
287	
312	
281	
257	
288	
261	
268	
266	
297	
255	
293	
263	
266	
294	
288	
244	
288	
321	
279	
253	
268	
242	
271	
295	
276	
293	
266	
289	
287	
265	
280	
265	
304	
273	
267	
298	
276	
297	
285	
271	
283	
279	
265	
246	
284	
278	
279	
251	
276	
261	
300	
266	
259	
271	
262	
278	
269	
270	
300	
257	
304	
299	
300	
290	
293	
287	
305	
272	
293	
264	
270	
266	
241	
275	
270	
277	
271	
289	
292	
268	
265	
265	
287	
269	
290	
299	
292	
285	
260	
311	
258	
254	
279	
260	
266	
292	
280	
292	
274	
264	
285	
278	
290	
259	
273	
294	
261	
288	
291	
282	
269	
317	
267	
244	
296	
271	
277	
249	
275	
278	
264	
298	
247	
288	
310	
289	
295	
282	
267	
274	
258	
274	
287	
263	
291	
265	
275	
286	
276	
248	
290	
283	
303	
274	
266	
302	
283	
264	
284	
323	
266	
274	
293	
267	
270	
263	
285	
292	
284	
308	
274	
267	
298	
277	
264	
283	
295	
304	
247	
277	
273	
282	
270	
280	
277	
273	
304	
301	
263	
277	
249	
277	
261	
259	
290	
286	
251	
257	
271	
313	
292	
280	
297	
285	
288	
308	
304	
285	
293	
298	
280	
287	
300	
277	
288	
284	
259	
254	
254	
257	
265	
283	
262	
263	
268	
273	
318	
301	
259	
255	
270	
295	
250	
253	
259	
289	
290	
275	
256	
293	
261	
293	
263	
290	
297	
293	
288	
309	
292	
256	
289	
272	
303	
254	
256	
261	
285	
259	
283	
273	
311	
298	
287	
304	
271	
292	
251	
300	
267	
257	
304	
292	
262	
272	
270	
268	
279	
255	
282	
284	
308	
258	
266	
248	
249	
277	
288	
276	
275	
304	
296	
291	
285	
296	
279	
262	
299	
254	
278	
255	
268	
281	
282	
285	
266	
274	
252	
281	
249	
259	
286	
295	
251	
256	
245	
290	
301	
274	
275	
258	
288	
275	
294	
290	
296	
232	
276	
284	
275	
283	
252	
273	
265	
267	
294	
263	
286	
288	
293	
272	
306	
299	
297	
269	
273	
273	
255	
273	
304	
289	
276	
290	
285	
278	
290	
259	
272	
257	
257	
320	
231	
253	
279	
281	
260	
290	
271	
232	
291	
270	
282	
265	
281	
293	
289	
241	
295	
276	
302	
261	
291	
270	
241	
304	
301	
271	
266	
302	
250	
263	
275	
296	
282	
276	
256	
272	
269	
283	
277	
246	
272	
288	
271	
270	
267	
260	
292	
285	
275	
278	
276	
267	
275	
279	
313	
274	
300	
273	
287	
287	
286	
266	
298	
284	
294	
291	
321	
303	
323	
293	
283	
291	
292	
270	
287	
275	
324	
311	
296	
264	
300	
263	
271	
277	
253	
269	
302	
259	
281	
303	
267	
290	
304	
274	
283	
292	
321	
281	
267	
271	
307	
274	
275	
257	
292	
239	
256	
287	
259	
295	
274	
283	
288	
252	
261	
270	
248	
326	
266	
264	
275	
255	
289	
300	
256	
292	
291	
289	
282	
292	
277	
260	
276	
264	
278	
263	
283	
281	
290	
278	
286	
270	
276	
284	
272	
291	
282	
273	
276	
299	
249	
311	
265	
257	
266	
293	
302	
278	
253	
279	
258	
262	
315	
284	
262	
264	
294	
272	
254	
312	
286	
286	
242	
276	
282	
256	
310	
279	
261	
273	
262	
280	
283	
265	
298	
277	
289	
299	
259	
274	
298	
275	
271	
277	
279	
276	
284	
296	
290	
299	
262	
254	
315	
291	
288	
275	
269	
307	
301	
307	
284	
270	
282	
312	
306	
299	
263	
276	
273	
253	
296	
282	
263	
299	
268	
252	
240	
303	
286	
297	
290	
266	
282	
289	
257	
280	
269	
274	
265	
292	
287	
292	
328	
279	
264	
313	
245	
299	
251	
282	
257	
285	
295	
271	
328	
276	
300	
282	
293	
255	
274	
262	
248	
274	
302	
278	
270	
294	
267	
287	
283	
263	
287	
270	
310	
286	
261	
264	
283	
277	
278	
278	
290	
279	
298	
275	
293	
290	
275	
289	
289	
295	
286	
289	
268	
247	
302	
281	
276	
296	
280	
263	
291	
287	
274	
274	
299	
319	
281	
286	
241	
275	
273	
256	
283	
288	
278	
279	
269	
280	
267	
263	
298	
275	
278	
311	
291	
292	
266	
271	
289	
264	
280	
274	
300	
266	
284	
282	
290	
269	
302	
287	
304	
277	
312	
321	
265	
277	
284	
267	
303	
276	
280	
303	
288	
256	
286	
263	
272	
262	
297	
255	
307	
300	
311	
292	
303	
300	
254	
269	
286	
285	
294	
298	
268	
312	
278	
295	
268	
270	
308	
270	
247	
300	
274	
280	
265	
275	
269	
285	
289	
293	
282	
302	
281	
275	
316	
289	
292	
276	
269	
283	
299	
280	
290	
314	
306	
271	
282	
284	
334	
238	
280	
255	
284	
286	
267	
289	
267	
289	
259	
254	
293	
232	
283	
284	
268	
265	
289	
296	
294	
264	
279	
283	
282	
285	
277	
319	
319	
244	
257	
277	
274	
280	
268	
282	
289	
263	
303	
289	
286	
298	
284	
275	
261	
257	
257	
283	
274	
264	
297	
301	
270	
293	
260	
286	
272	
257	
288	
288	
265	
270	
294	
297	
315	
266	
278	
269	
264	
292	
273	
274	
285	
271	
298	
268	
294	
303	
262	
284	
274	
259	
282	
277	
277	
267	
278	
257	
264	
285	
276	
296	
287	
273	
290	
282	
287	
314	
294	
266	
267	
266	
316	
266	
265	
278	
285	
298	
292	
278	
265	
279	
288	
286	
318	
295	
285	
293	
270	
298	
288	
289	
262	
300	
258	
277	
292	
299	
298	
315	
294	
272	
283	
262	
275	
274	
242	
275	
286	
279	
286	
277	
302	
323	
300	
291	
292	
261	
304	
250	
272	
290	
257	
246	
289	
276	
280	
270	
282	
270	
268	
268	
318	
272	
284	
296	
298	
269	
280	
274	
269	
275	
284	
300	
283	
286	
310	
258	
293	
288	
294	
296	
281	
270	
280	
292	
313	
269	
283	
287	
268	
273	
271	
285	
284	
281	
279	
249	
282	
318	
275	
288	
297	
273	
285	
315	
290	
264	
265	
281	
275	
305	
286	
249	
286	
267	
253	
295	
297	
327	
280	
276	
278	
288	
309	
270	
300	
244	
333	
293	
284	
240	
269	
307	
247	
286	
271	
291	
278	
308	
291	
303	
284	
286	
268	
281	
260	
295	
310	
293	
314	
281	
251	
283	
272	
288	
239	
294	
266	
297	
295	
270	
309	
289	
281	
294	
274	
308	
256	
273	
281	
285	
283	
251	
286	
282	
268	
294	
289	
287	
318	
303	
297	
283	
284	
286	
292	
315	
302	
280	
305	
303	
299	
264	
273	
296	
290	
295	
293	
288	
289	
260	
280	
282	
262	
299	
286	
292	
288	
292	
269	
290	
321	
291	
278	
338	
273	
299	
308	
293	
290	
263	
280	
293	
280	
296	
292	
272	
268	
279	
283	
326	
289	
279	
313	
305	
282	
250	
299	
317	
270	
258	
282	
265	
288	
289	
268	
301	
289	
303	
306	
260	
297	
265	
282	
275	
303	
300	
268	
313	
269	
281	
311	
294	
295	
281	
283	
287	
304	
283	
289	
275	
297	
272	
294	
283	
283	
281	
305	
304	
290	
263	
276	
296	
290	
278	
258	
286	
297	
322	
276	
300	
283	
281	
311	
316	
274	
262	
309	
309	
290	
305	
297	
278	
271	
309	
269	
276	
317	
307	
286	
256	
313	
284	
263	
274	
288	
290	
285	
268	
265	
281	
266	
282	
289	
287	
308	
286	
279	
288	
267	
294	
279	
269	
308	
309	
300	
319	
288	
296	
290	
298	
269	
288	
295	
290	
304	
283	
292	
289	
272	
302	
288	
280	
272	
274	
299	
285	
260	
311	
272	
287	
293	
298	
309	
257	
279	
269	
268	
288	
266	
270	
288	
255	
276	
249	
262	
276	
278	
266	
267	
258	
271	
274	
262	
276	
266	
276	
273	
265	
295	
279	
289	
267	
282	
279	
259	
282	
312	
305	
287	
319	
280	
286	
282	
264	
263	
290	
289	
302	
282	
297	
313	
272	
316	
289	
258	
310	
262	
299	
279	
303	
305	
296	
332	
286	
276	
324	
293	
278	
290	
279	
273	
318	
288	
272	
343	
284	
284	
294	
305	
289	
296	
296	
289	
290	
311	
286	
301	
308	
290	
298	
290	
269	
301	
292	
281	
300	
306	
291	
334	
271	
281	
311	
295	
289	
297	
266	
264	
298	
287	
283	
287	
280	
297	
299	
294	
326	
312	
302	
294	
324	
284	
288	
309	
73	
0	
0	
0	
0	
0	
0	
0	
0	
0	
0	
0	
0	
0	
0	
0	
0	
0	
0	
0	
0	
0	
0	
0	
0	

