1st cross bottom left

APD1 13k
APD2 15k

Time 1000s
Power 660 uW

BG APD1 6.5k
BG APD2 3k

#TimeHarp 200  Histogram Data			16.02.2023 12:46:28
#channels per curve
4096
#display curve no.
0	
#memory block no.
0	
#ns/channel
0.8875	
#counts
162	
159	
169	
158	
175	
143	
179	
165	
171	
175	
178	
168	
181	
162	
158	
171	
185	
187	
167	
191	
169	
180	
179	
187	
170	
168	
173	
168	
197	
168	
142	
179	
182	
165	
173	
171	
164	
170	
176	
165	
163	
207	
178	
154	
181	
190	
164	
166	
177	
144	
175	
204	
182	
168	
172	
165	
182	
183	
167	
171	
189	
160	
166	
160	
180	
167	
152	
173	
158	
162	
180	
175	
160	
163	
172	
192	
158	
181	
175	
158	
179	
162	
165	
198	
146	
162	
179	
171	
175	
172	
179	
175	
186	
180	
167	
176	
167	
168	
174	
169	
163	
159	
182	
170	
167	
196	
157	
154	
163	
184	
184	
174	
156	
188	
197	
165	
169	
167	
192	
162	
164	
167	
162	
175	
160	
163	
170	
157	
169	
159	
173	
167	
193	
169	
162	
169	
173	
162	
175	
146	
186	
167	
179	
153	
196	
173	
166	
160	
178	
164	
168	
153	
170	
167	
172	
152	
165	
166	
166	
156	
174	
178	
156	
177	
160	
149	
185	
167	
177	
154	
195	
168	
185	
165	
193	
168	
164	
177	
162	
176	
177	
171	
168	
169	
196	
175	
192	
182	
157	
150	
149	
155	
159	
176	
162	
180	
177	
164	
175	
172	
197	
174	
162	
198	
170	
190	
163	
139	
181	
160	
166	
163	
159	
199	
187	
181	
159	
172	
172	
159	
161	
166	
154	
178	
160	
160	
156	
176	
182	
173	
192	
162	
150	
129	
185	
183	
181	
173	
165	
184	
152	
182	
177	
167	
179	
173	
175	
184	
165	
180	
201	
168	
164	
160	
168	
171	
148	
177	
171	
161	
165	
163	
176	
164	
180	
161	
173	
161	
169	
181	
157	
166	
187	
203	
182	
156	
158	
168	
148	
161	
165	
165	
190	
209	
171	
170	
165	
182	
149	
177	
150	
189	
185	
173	
172	
190	
165	
186	
173	
173	
178	
201	
174	
153	
161	
171	
152	
176	
163	
191	
178	
160	
151	
169	
160	
187	
197	
158	
171	
145	
161	
156	
163	
168	
187	
183	
198	
153	
185	
156	
158	
179	
159	
167	
178	
170	
172	
168	
179	
174	
178	
188	
184	
168	
175	
192	
190	
137	
175	
186	
145	
169	
151	
171	
183	
161	
149	
187	
170	
169	
177	
173	
152	
173	
176	
193	
155	
165	
176	
142	
202	
171	
181	
158	
194	
172	
161	
162	
178	
158	
166	
203	
163	
179	
186	
156	
188	
159	
166	
166	
170	
163	
187	
162	
183	
170	
168	
163	
185	
174	
175	
167	
165	
166	
146	
177	
175	
153	
212	
167	
176	
167	
160	
150	
180	
168	
187	
165	
178	
160	
178	
149	
159	
188	
172	
161	
157	
176	
187	
149	
195	
183	
179	
184	
173	
178	
183	
154	
174	
177	
174	
160	
155	
157	
159	
196	
162	
158	
203	
157	
163	
182	
179	
161	
181	
172	
185	
166	
155	
194	
179	
166	
165	
154	
158	
164	
177	
162	
163	
188	
159	
159	
180	
161	
166	
156	
181	
187	
178	
185	
181	
170	
172	
208	
167	
169	
175	
159	
180	
186	
181	
179	
153	
168	
173	
189	
160	
173	
170	
160	
165	
160	
169	
171	
183	
173	
166	
150	
160	
168	
193	
162	
187	
183	
200	
188	
147	
162	
167	
169	
173	
176	
161	
169	
159	
173	
182	
158	
178	
162	
156	
163	
187	
191	
185	
161	
185	
150	
167	
176	
155	
166	
167	
158	
183	
173	
186	
187	
179	
199	
170	
185	
149	
180	
178	
175	
168	
180	
188	
181	
164	
170	
154	
157	
155	
156	
167	
184	
145	
176	
159	
187	
177	
179	
181	
165	
164	
166	
168	
173	
182	
182	
170	
155	
154	
158	
163	
186	
162	
180	
184	
173	
152	
169	
178	
180	
173	
203	
184	
156	
161	
164	
180	
198	
199	
180	
187	
181	
185	
176	
170	
184	
154	
167	
185	
193	
180	
165	
162	
164	
162	
167	
193	
168	
177	
166	
182	
159	
165	
194	
179	
171	
183	
155	
160	
176	
164	
169	
183	
182	
161	
172	
189	
172	
156	
190	
162	
158	
182	
175	
161	
164	
167	
164	
151	
168	
185	
169	
160	
180	
179	
181	
177	
167	
193	
168	
175	
181	
161	
164	
153	
186	
169	
159	
183	
172	
157	
164	
160	
141	
187	
164	
173	
168	
171	
171	
157	
195	
161	
152	
159	
166	
172	
170	
176	
160	
199	
153	
150	
169	
178	
172	
173	
159	
171	
180	
161	
159	
179	
185	
161	
177	
166	
162	
177	
184	
185	
158	
167	
168	
178	
184	
202	
195	
158	
149	
207	
173	
188	
191	
170	
189	
188	
156	
161	
160	
195	
155	
167	
167	
166	
186	
155	
189	
180	
172	
166	
179	
170	
173	
180	
177	
188	
152	
157	
174	
175	
192	
173	
159	
200	
183	
173	
154	
175	
169	
181	
182	
154	
168	
168	
161	
160	
186	
170	
176	
159	
165	
161	
195	
199	
173	
186	
160	
137	
174	
156	
157	
202	
153	
152	
157	
175	
164	
160	
185	
159	
179	
172	
166	
179	
162	
183	
167	
178	
163	
188	
177	
175	
151	
167	
189	
169	
166	
185	
175	
174	
166	
169	
161	
194	
174	
164	
176	
189	
184	
173	
158	
176	
181	
193	
170	
191	
202	
202	
172	
194	
142	
162	
196	
169	
157	
196	
184	
188	
189	
163	
165	
152	
205	
183	
166	
163	
152	
184	
168	
198	
164	
183	
178	
155	
145	
168	
183	
151	
173	
183	
190	
150	
164	
156	
172	
196	
191	
153	
189	
178	
166	
167	
201	
158	
161	
162	
162	
159	
163	
169	
156	
148	
199	
159	
186	
169	
175	
163	
183	
179	
163	
170	
166	
194	
184	
187	
179	
185	
188	
157	
160	
179	
202	
160	
165	
201	
181	
151	
181	
168	
172	
163	
193	
180	
195	
174	
163	
197	
150	
180	
168	
169	
189	
168	
169	
184	
186	
170	
152	
172	
156	
197	
161	
198	
161	
153	
166	
151	
175	
153	
172	
182	
174	
185	
160	
187	
160	
165	
178	
179	
174	
185	
188	
156	
197	
175	
156	
154	
154	
166	
164	
172	
176	
168	
155	
162	
144	
173	
170	
182	
155	
166	
167	
170	
167	
151	
174	
178	
159	
176	
176	
160	
163	
176	
166	
174	
157	
151	
175	
166	
183	
184	
185	
163	
174	
158	
171	
192	
181	
179	
137	
161	
141	
163	
154	
169	
163	
152	
159	
171	
190	
181	
183	
166	
185	
173	
176	
188	
189	
193	
183	
179	
167	
164	
172	
182	
178	
157	
167	
195	
170	
165	
179	
193	
151	
155	
165	
168	
198	
183	
179	
166	
178	
176	
163	
191	
182	
158	
197	
192	
178	
183	
182	
167	
185	
178	
187	
166	
155	
170	
168	
177	
181	
172	
170	
167	
175	
172	
173	
173	
167	
179	
155	
160	
191	
181	
199	
165	
171	
166	
179	
164	
163	
152	
158	
160	
204	
176	
184	
175	
181	
156	
175	
180	
149	
156	
164	
169	
180	
177	
158	
187	
176	
178	
178	
154	
167	
198	
160	
183	
187	
183	
177	
183	
190	
173	
186	
179	
179	
162	
186	
177	
164	
174	
185	
184	
179	
172	
184	
184	
164	
210	
161	
167	
173	
184	
173	
169	
151	
163	
170	
179	
192	
166	
175	
177	
167	
188	
162	
151	
155	
163	
161	
177	
164	
157	
161	
195	
154	
196	
166	
182	
198	
140	
186	
185	
187	
161	
164	
167	
155	
182	
182	
167	
185	
164	
174	
156	
209	
179	
162	
177	
188	
175	
146	
168	
169	
171	
159	
193	
155	
176	
171	
174	
188	
166	
175	
164	
155	
173	
172	
156	
168	
164	
185	
165	
157	
172	
190	
178	
175	
176	
167	
155	
150	
181	
179	
159	
169	
179	
169	
182	
171	
166	
154	
163	
176	
194	
185	
184	
202	
179	
165	
161	
154	
191	
153	
161	
171	
163	
161	
145	
180	
179	
181	
181	
178	
170	
183	
205	
176	
171	
177	
173	
146	
180	
162	
188	
189	
198	
167	
197	
175	
190	
162	
183	
170	
145	
159	
175	
181	
185	
184	
177	
194	
170	
187	
176	
186	
175	
189	
148	
196	
166	
177	
179	
177	
169	
159	
158	
154	
181	
164	
159	
179	
153	
168	
167	
175	
174	
183	
176	
178	
172	
171	
144	
188	
150	
169	
169	
189	
180	
158	
169	
189	
175	
185	
162	
187	
174	
165	
176	
170	
153	
187	
206	
166	
166	
189	
188	
182	
165	
176	
178	
170	
163	
165	
178	
177	
171	
178	
170	
182	
159	
185	
225	
157	
183	
190	
175	
171	
159	
195	
159	
175	
171	
178	
178	
166	
207	
178	
192	
174	
192	
168	
184	
174	
173	
179	
191	
167	
155	
181	
199	
168	
166	
191	
169	
170	
170	
177	
166	
192	
153	
170	
165	
160	
172	
191	
163	
156	
173	
186	
161	
176	
175	
189	
169	
170	
149	
209	
189	
181	
189	
184	
181	
206	
164	
166	
166	
177	
195	
150	
200	
189	
185	
188	
160	
175	
189	
165	
148	
176	
168	
184	
182	
164	
185	
139	
203	
177	
176	
170	
188	
187	
177	
170	
193	
165	
194	
192	
170	
168	
196	
161	
191	
188	
155	
140	
186	
185	
178	
187	
171	
162	
168	
172	
176	
182	
174	
161	
159	
170	
149	
173	
179	
176	
150	
177	
159	
184	
165	
176	
172	
186	
187	
175	
164	
179	
184	
186	
184	
193	
171	
172	
170	
188	
153	
157	
168	
164	
182	
167	
164	
190	
182	
171	
174	
200	
170	
168	
171	
193	
147	
187	
164	
165	
151	
181	
193	
208	
164	
164	
173	
180	
154	
160	
160	
182	
162	
180	
162	
182	
162	
163	
166	
169	
186	
174	
138	
170	
178	
158	
168	
190	
168	
152	
166	
165	
190	
173	
157	
162	
192	
176	
159	
158	
171	
179	
174	
196	
182	
157	
160	
155	
158	
168	
178	
191	
184	
162	
178	
163	
186	
180	
176	
174	
175	
175	
169	
182	
163	
179	
185	
159	
171	
170	
170	
157	
184	
172	
171	
187	
174	
173	
168	
174	
168	
183	
158	
186	
210	
185	
180	
152	
168	
165	
172	
166	
168	
174	
181	
196	
195	
159	
184	
177	
177	
186	
174	
172	
170	
168	
157	
189	
190	
168	
189	
190	
163	
195	
166	
179	
188	
164	
174	
187	
157	
169	
165	
192	
186	
185	
186	
167	
165	
164	
180	
187	
169	
161	
175	
184	
176	
196	
151	
165	
170	
178	
191	
156	
166	
171	
169	
172	
199	
160	
198	
158	
176	
167	
158	
159	
191	
162	
161	
171	
170	
209	
180	
175	
176	
166	
178	
150	
175	
183	
174	
168	
163	
152	
194	
161	
178	
164	
175	
195	
211	
171	
172	
188	
194	
194	
171	
190	
155	
167	
187	
141	
185	
179	
175	
173	
194	
197	
179	
171	
187	
187	
173	
172	
214	
177	
169	
159	
170	
192	
180	
189	
184	
174	
163	
157	
162	
165	
185	
165	
171	
177	
172	
167	
182	
166	
189	
155	
167	
207	
191	
187	
194	
155	
155	
186	
172	
180	
174	
164	
159	
153	
168	
184	
185	
186	
174	
186	
174	
178	
174	
133	
169	
166	
174	
164	
191	
165	
184	
154	
175	
180	
181	
148	
168	
178	
185	
157	
150	
154	
165	
181	
163	
146	
187	
161	
190	
150	
186	
208	
165	
168	
165	
185	
200	
181	
214	
201	
179	
152	
164	
191	
182	
188	
181	
166	
171	
173	
183	
170	
163	
187	
169	
161	
191	
197	
191	
177	
188	
181	
172	
166	
163	
174	
165	
185	
204	
194	
181	
176	
170	
166	
161	
198	
188	
173	
177	
184	
165	
178	
188	
153	
182	
155	
181	
153	
170	
161	
162	
185	
163	
174	
168	
183	
188	
169	
168	
161	
165	
163	
169	
166	
159	
175	
184	
160	
204	
174	
155	
161	
176	
202	
182	
182	
164	
160	
170	
167	
186	
175	
178	
192	
202	
179	
169	
155	
171	
196	
181	
175	
199	
186	
185	
175	
183	
185	
203	
171	
164	
173	
186	
164	
173	
174	
147	
168	
179	
166	
172	
177	
162	
178	
176	
175	
166	
181	
190	
160	
195	
165	
137	
167	
153	
194	
190	
184	
178	
193	
175	
200	
172	
176	
176	
158	
166	
182	
182	
193	
156	
173	
191	
180	
185	
154	
152	
184	
159	
168	
177	
155	
155	
176	
185	
176	
198	
175	
168	
185	
179	
197	
178	
168	
151	
179	
182	
185	
170	
183	
165	
178	
174	
186	
190	
191	
178	
183	
194	
142	
192	
171	
159	
168	
169	
197	
204	
173	
178	
154	
172	
184	
168	
155	
185	
152	
189	
185	
186	
182	
193	
167	
189	
203	
190	
174	
155	
205	
177	
186	
172	
153	
161	
179	
191	
187	
168	
159	
163	
169	
173	
194	
175	
185	
191	
193	
183	
182	
175	
182	
205	
182	
152	
171	
171	
162	
163	
190	
162	
169	
187	
177	
181	
166	
170	
167	
197	
166	
187	
159	
185	
166	
186	
152	
160	
179	
184	
164	
181	
203	
174	
197	
163	
187	
162	
168	
152	
179	
157	
170	
177	
166	
175	
203	
180	
174	
179	
160	
189	
150	
205	
169	
200	
167	
145	
165	
193	
170	
175	
163	
183	
181	
163	
197	
181	
169	
177	
166	
168	
146	
178	
174	
178	
167	
176	
180	
179	
168	
182	
182	
136	
170	
173	
152	
194	
205	
159	
180	
186	
172	
171	
189	
190	
189	
177	
173	
179	
188	
152	
168	
189	
180	
189	
183	
168	
171	
178	
199	
174	
171	
175	
160	
190	
186	
190	
182	
142	
176	
181	
167	
187	
181	
161	
191	
169	
185	
163	
160	
157	
208	
169	
173	
183	
168	
186	
188	
167	
162	
145	
172	
192	
170	
185	
159	
173	
166	
174	
184	
175	
184	
181	
169	
185	
185	
171	
184	
181	
194	
163	
192	
161	
173	
166	
165	
177	
169	
152	
183	
168	
176	
184	
174	
212	
170	
173	
172	
162	
177	
171	
174	
158	
169	
165	
189	
186	
164	
165	
174	
159	
169	
172	
182	
159	
210	
177	
184	
162	
173	
182	
176	
179	
174	
166	
165	
175	
207	
187	
152	
175	
180	
165	
173	
198	
175	
177	
191	
186	
188	
174	
168	
172	
161	
163	
163	
183	
182	
176	
187	
177	
164	
204	
150	
164	
164	
186	
193	
193	
193	
201	
188	
199	
183	
181	
175	
170	
183	
193	
185	
166	
164	
191	
206	
182	
179	
187	
172	
176	
192	
174	
173	
183	
178	
193	
156	
146	
181	
176	
161	
181	
179	
167	
171	
171	
184	
153	
180	
184	
156	
169	
179	
167	
183	
188	
171	
176	
177	
182	
190	
165	
155	
167	
170	
184	
173	
183	
167	
172	
176	
180	
182	
184	
178	
170	
185	
184	
181	
167	
167	
166	
172	
177	
182	
184	
176	
177	
151	
152	
166	
180	
182	
158	
162	
156	
182	
165	
176	
180	
194	
172	
186	
161	
175	
200	
163	
191	
173	
183	
183	
191	
161	
184	
153	
181	
176	
195	
204	
175	
188	
167	
173	
174	
159	
185	
160	
165	
159	
150	
178	
176	
200	
155	
167	
180	
185	
175	
172	
178	
160	
171	
188	
176	
170	
173	
173	
189	
181	
198	
157	
173	
165	
194	
182	
191	
179	
163	
186	
183	
167	
207	
158	
186	
197	
163	
204	
196	
172	
180	
187	
167	
183	
199	
172	
180	
177	
165	
151	
176	
170	
156	
182	
178	
170	
194	
182	
174	
167	
204	
156	
173	
178	
193	
192	
206	
166	
190	
167	
162	
169	
189	
193	
194	
203	
189	
179	
180	
175	
182	
173	
174	
192	
181	
196	
170	
184	
184	
161	
192	
200	
182	
196	
193	
174	
177	
165	
166	
170	
189	
198	
179	
167	
170	
162	
179	
175	
180	
162	
195	
192	
187	
196	
181	
169	
160	
167	
183	
170	
189	
184	
181	
174	
185	
191	
164	
186	
186	
171	
182	
210	
145	
192	
172	
181	
189	
159	
157	
196	
147	
177	
185	
183	
184	
183	
176	
187	
169	
175	
163	
193	
191	
200	
180	
177	
192	
176	
201	
167	
176	
184	
167	
169	
163	
147	
173	
150	
194	
180	
188	
174	
192	
181	
198	
205	
192	
180	
157	
180	
203	
176	
207	
183	
184	
163	
154	
164	
156	
148	
193	
189	
162	
171	
188	
182	
165	
168	
175	
175	
185	
181	
162	
202	
196	
183	
149	
190	
170	
166	
187	
188	
164	
141	
159	
204	
162	
191	
194	
190	
190	
184	
182	
168	
173	
182	
156	
196	
177	
169	
207	
165	
189	
169	
177	
183	
145	
167	
180	
178	
178	
167	
203	
170	
162	
163	
185	
177	
183	
178	
164	
195	
159	
178	
171	
192	
173	
182	
169	
167	
202	
183	
174	
160	
170	
193	
185	
178	
193	
166	
156	
165	
193	
189	
168	
185	
173	
167	
179	
171	
174	
176	
168	
190	
168	
157	
160	
185	
180	
195	
167	
167	
183	
197	
189	
178	
207	
166	
204	
182	
169	
206	
183	
159	
170	
195	
169	
167	
178	
169	
160	
187	
180	
191	
186	
160	
181	
185	
166	
161	
174	
176	
198	
177	
171	
172	
206	
174	
179	
188	
156	
188	
183	
180	
169	
175	
170	
204	
166	
162	
189	
174	
186	
209	
191	
178	
179	
180	
172	
179	
193	
199	
188	
176	
146	
195	
181	
173	
176	
173	
172	
207	
181	
190	
193	
194	
198	
169	
211	
176	
177	
164	
190	
181	
196	
191	
160	
163	
193	
168	
173	
180	
177	
169	
177	
187	
191	
175	
168	
193	
164	
174	
176	
179	
191	
192	
178	
171	
168	
185	
198	
187	
156	
179	
194	
171	
172	
165	
191	
186	
176	
180	
177	
170	
160	
186	
161	
182	
200	
169	
177	
181	
177	
177	
166	
189	
203	
160	
175	
176	
206	
176	
171	
197	
226	
173	
157	
174	
157	
154	
160	
164	
180	
196	
176	
193	
173	
186	
191	
186	
206	
194	
196	
175	
164	
159	
181	
161	
189	
162	
159	
188	
191	
160	
174	
163	
203	
186	
177	
173	
198	
191	
183	
191	
151	
147	
178	
158	
179	
172	
173	
208	
194	
160	
181	
194	
175	
177	
147	
183	
164	
193	
189	
155	
176	
166	
177	
175	
172	
165	
166	
167	
176	
177	
174	
195	
169	
184	
164	
167	
167	
189	
174	
163	
183	
179	
194	
168	
187	
188	
175	
190	
188	
184	
184	
185	
173	
169	
173	
174	
168	
177	
162	
179	
173	
170	
204	
175	
190	
163	
201	
181	
183	
176	
180	
171	
182	
185	
198	
179	
186	
166	
164	
181	
173	
189	
194	
165	
155	
191	
171	
166	
165	
151	
186	
174	
181	
173	
188	
171	
175	
176	
193	
167	
198	
198	
205	
170	
167	
175	
195	
174	
192	
188	
183	
173	
150	
172	
190	
179	
178	
194	
178	
186	
184	
175	
185	
192	
185	
170	
178	
171	
173	
172	
176	
157	
155	
167	
209	
174	
182	
186	
177	
167	
183	
200	
178	
181	
195	
196	
175	
187	
190	
189	
191	
155	
186	
168	
193	
171	
192	
184	
169	
181	
159	
159	
178	
168	
208	
189	
185	
179	
179	
194	
183	
205	
172	
159	
181	
197	
194	
191	
193	
169	
173	
175	
197	
183	
198	
183	
172	
179	
183	
194	
182	
177	
183	
171	
167	
185	
210	
195	
186	
161	
195	
176	
173	
177	
208	
176	
185	
152	
187	
188	
168	
193	
199	
184	
185	
210	
204	
183	
191	
161	
162	
172	
186	
193	
184	
190	
192	
184	
183	
164	
162	
180	
167	
189	
190	
167	
178	
200	
195	
199	
176	
195	
154	
162	
196	
180	
193	
173	
163	
180	
186	
189	
186	
188	
192	
168	
169	
153	
176	
178	
179	
179	
172	
171	
202	
186	
195	
166	
157	
179	
186	
165	
178	
187	
206	
173	
168	
178	
219	
176	
182	
192	
171	
167	
181	
168	
162	
175	
161	
178	
193	
160	
184	
160	
175	
172	
177	
171	
159	
190	
194	
172	
159	
205	
181	
175	
173	
192	
182	
199	
172	
190	
150	
155	
156	
187	
189	
196	
184	
176	
175	
167	
185	
185	
160	
183	
189	
177	
187	
210	
177	
166	
175	
189	
207	
179	
162	
154	
174	
161	
189	
177	
204	
173	
188	
170	
186	
178	
174	
171	
173	
174	
190	
176	
180	
170	
175	
188	
203	
197	
199	
171	
174	
182	
157	
177	
184	
189	
192	
201	
182	
178	
169	
187	
190	
198	
179	
175	
170	
163	
187	
193	
180	
181	
168	
160	
170	
183	
195	
181	
190	
184	
174	
179	
181	
164	
185	
172	
201	
185	
167	
182	
181	
157	
172	
173	
178	
192	
177	
169	
177	
205	
172	
183	
167	
181	
193	
195	
191	
194	
169	
177	
197	
181	
182	
149	
173	
196	
181	
182	
183	
153	
172	
207	
200	
162	
201	
168	
190	
169	
166	
197	
188	
165	
185	
184	
176	
179	
157	
180	
183	
185	
173	
171	
186	
186	
178	
167	
181	
185	
193	
175	
180	
177	
193	
176	
161	
201	
177	
161	
186	
172	
191	
178	
176	
188	
200	
168	
174	
182	
179	
171	
174	
179	
198	
178	
189	
190	
174	
195	
155	
157	
195	
181	
185	
167	
164	
185	
203	
170	
181	
176	
182	
203	
173	
190	
179	
147	
168	
205	
195	
158	
187	
158	
183	
166	
183	
185	
175	
211	
187	
162	
189	
176	
180	
195	
195	
174	
178	
175	
182	
178	
168	
185	
185	
185	
182	
164	
188	
207	
186	
200	
145	
189	
190	
175	
174	
185	
185	
183	
173	
161	
192	
171	
176	
178	
158	
198	
165	
167	
170	
213	
181	
173	
174	
183	
180	
160	
166	
177	
203	
184	
197	
197	
195	
200	
185	
191	
164	
198	
183	
174	
168	
172	
174	
190	
191	
201	
191	
181	
166	
187	
202	
181	
191	
160	
187	
206	
194	
184	
179	
183	
173	
178	
187	
192	
169	
168	
152	
161	
180	
162	
187	
211	
161	
183	
174	
179	
199	
153	
169	
169	
160	
193	
192	
176	
195	
165	
197	
198	
175	
190	
169	
193	
173	
155	
161	
180	
182	
199	
174	
193	
177	
203	
202	
191	
184	
168	
169	
194	
169	
180	
183	
163	
159	
199	
195	
167	
185	
197	
176	
177	
171	
178	
178	
188	
180	
176	
193	
196	
189	
190	
166	
185	
173	
171	
186	
188	
179	
173	
183	
196	
210	
134	
178	
187	
167	
178	
205	
171	
188	
183	
176	
186	
204	
190	
210	
178	
202	
194	
193	
175	
170	
172	
184	
180	
177	
185	
182	
168	
174	
207	
193	
177	
171	
180	
193	
194	
182	
197	
169	
185	
198	
190	
190	
189	
191	
174	
187	
181	
172	
173	
194	
167	
175	
190	
186	
193	
192	
201	
181	
179	
192	
179	
196	
184	
162	
201	
194	
187	
197	
167	
189	
180	
154	
173	
169	
192	
175	
182	
194	
182	
195	
159	
177	
166	
175	
175	
172	
177	
193	
198	
173	
182	
186	
171	
186	
181	
200	
193	
180	
189	
169	
185	
195	
176	
183	
182	
179	
168	
192	
202	
182	
197	
176	
178	
183	
191	
201	
188	
194	
192	
176	
162	
217	
180	
179	
206	
152	
221	
186	
192	
174	
182	
218	
184	
153	
183	
182	
158	
176	
204	
177	
179	
205	
178	
184	
177	
169	
193	
182	
191	
180	
192	
172	
158	
174	
170	
177	
181	
152	
182	
197	
171	
168	
181	
170	
164	
172	
172	
188	
171	
174	
181	
165	
175	
198	
189	
177	
149	
175	
209	
189	
178	
170	
179	
166	
172	
170	
177	
169	
171	
200	
183	
168	
176	
178	
202	
185	
174	
186	
181	
195	
180	
158	
182	
157	
191	
182	
217	
187	
199	
204	
182	
187	
227	
184	
165	
183	
187	
183	
189	
179	
178	
211	
185	
183	
193	
179	
172	
168	
182	
186	
188	
214	
179	
176	
201	
177	
203	
186	
192	
194	
199	
180	
179	
199	
188	
186	
174	
188	
202	
201	
182	
187	
169	
207	
191	
175	
193	
197	
190	
201	
199	
177	
177	
199	
198	
177	
173	
168	
191	
193	
185	
189	
171	
184	
178	
213	
191	
199	
173	
169	
200	
195	
216	
186	
193	
166	
176	
197	
201	
194	
164	
199	
164	
180	
186	
172	
198	
157	
188	
205	
200	
202	
212	
186	
214	
211	
203	
195	
188	
191	
208	
187	
187	
206	
180	
167	
186	
192	
180	
212	
185	
199	
187	
219	
184	
181	
198	
203	
204	
189	
199	
197	
224	
191	
177	
212	
181	
223	
214	
205	
174	
208	
180	
195	
180	
178	
220	
215	
166	
210	
210	
191	
202	
213	
209	
190	
223	
198	
217	
219	
177	
193	
203	
205	
196	
188	
193	
211	
218	
205	
206	
210	
223	
198	
193	
201	
203	
225	
189	
221	
212	
166	
221	
192	
211	
216	
214	
203	
203	
220	
193	
212	
203	
208	
199	
216	
203	
190	
195	
202	
180	
220	
191	
186	
189	
186	
172	
208	
201	
188	
176	
166	
189	
190	
186	
180	
180	
172	
143	
141	
140	
138	
142	
132	
165	
196	
151	
181	
173	
178	
171	
191	
172	
179	
185	
189	
192	
209	
228	
195	
205	
181	
204	
178	
197	
219	
213	
204	
190	
216	
203	
202	
216	
214	
228	
206	
201	
182	
212	
199	
221	
193	
187	
201	
202	
227	
214	
218	
240	
215	
183	
202	
195	
217	
186	
228	
213	
211	
219	
200	
217	
214	
221	
167	
223	
201	
219	
199	
207	
209	
226	
198	
201	
220	
182	
210	
182	
225	
208	
198	
208	
194	
199	
210	
176	
173	
205	
215	
191	
197	
212	
199	
220	
217	
190	
197	
186	
208	
195	
205	
205	
204	
202	
195	
191	
203	
51	
0	
0	
0	
0	
0	
0	
0	
0	
0	
0	
0	
0	
0	
0	
0	
0	
0	
0	
0	
0	
0	
0	
0	
0	
