1st cross bottom left

APD1 11.5k
APD2 10k

Time 1500s
Power 675 uW

BG APD1 6.5k
BG APD2 3.5k

#TimeHarp 200  Histogram Data			16.02.2023 14:39:49
#channels per curve
4096
#display curve no.
0	
#memory block no.
0	
#ns/channel
0.8875	
#counts
169	
167	
148	
155	
158	
182	
156	
160	
156	
168	
150	
157	
135	
147	
159	
143	
146	
164	
157	
152	
165	
137	
146	
144	
188	
145	
167	
162	
147	
147	
141	
130	
172	
146	
164	
161	
135	
160	
160	
165	
149	
148	
153	
138	
162	
145	
166	
164	
143	
156	
137	
165	
150	
161	
134	
150	
144	
174	
163	
155	
173	
156	
155	
172	
142	
183	
147	
144	
149	
169	
155	
169	
138	
158	
156	
140	
151	
172	
174	
158	
161	
160	
147	
173	
142	
141	
151	
152	
174	
162	
165	
147	
167	
145	
147	
156	
130	
162	
148	
159	
142	
141	
145	
163	
148	
190	
135	
152	
155	
168	
170	
149	
156	
154	
150	
157	
136	
152	
158	
171	
132	
160	
158	
167	
151	
172	
167	
157	
163	
159	
151	
143	
147	
151	
137	
159	
149	
153	
162	
163	
142	
163	
154	
156	
135	
157	
141	
162	
143	
167	
161	
153	
158	
164	
160	
146	
158	
139	
157	
156	
170	
157	
130	
152	
126	
157	
192	
159	
159	
177	
159	
160	
169	
131	
160	
154	
151	
160	
137	
148	
163	
156	
143	
176	
152	
165	
150	
150	
149	
149	
159	
176	
151	
161	
163	
147	
147	
161	
153	
145	
150	
165	
169	
187	
152	
163	
166	
129	
172	
129	
157	
155	
186	
149	
155	
161	
138	
164	
162	
137	
148	
163	
167	
150	
167	
163	
136	
145	
163	
140	
140	
144	
172	
148	
166	
178	
154	
130	
150	
162	
155	
146	
126	
164	
136	
151	
134	
142	
151	
149	
127	
141	
163	
159	
139	
154	
162	
146	
147	
151	
138	
140	
159	
145	
143	
174	
144	
152	
164	
162	
148	
145	
137	
166	
159	
166	
157	
153	
154	
178	
156	
174	
176	
162	
162	
152	
159	
146	
168	
154	
161	
145	
173	
158	
135	
160	
156	
156	
155	
148	
168	
153	
145	
144	
151	
148	
164	
156	
162	
151	
172	
147	
154	
162	
166	
158	
167	
142	
151	
154	
147	
166	
132	
177	
142	
150	
192	
165	
146	
152	
167	
156	
129	
150	
159	
162	
155	
179	
154	
148	
159	
175	
150	
174	
136	
155	
153	
159	
148	
187	
149	
145	
158	
148	
147	
126	
164	
169	
153	
150	
150	
176	
160	
166	
164	
159	
155	
155	
149	
150	
157	
143	
149	
150	
146	
143	
156	
156	
169	
171	
164	
141	
176	
171	
141	
167	
185	
134	
170	
161	
155	
175	
165	
152	
156	
157	
169	
126	
148	
163	
131	
137	
169	
182	
150	
174	
170	
156	
152	
173	
154	
156	
194	
152	
143	
155	
152	
142	
157	
162	
150	
156	
156	
143	
177	
160	
145	
131	
132	
159	
146	
183	
158	
177	
184	
152	
156	
142	
143	
146	
158	
156	
161	
144	
166	
163	
168	
151	
144	
135	
166	
156	
152	
172	
152	
176	
163	
127	
133	
159	
174	
152	
157	
150	
159	
144	
154	
166	
153	
169	
166	
154	
151	
142	
168	
150	
173	
169	
179	
140	
174	
154	
171	
144	
142	
141	
167	
153	
151	
143	
158	
139	
154	
135	
141	
157	
150	
145	
142	
162	
146	
149	
157	
168	
156	
144	
170	
142	
152	
170	
163	
141	
164	
172	
163	
152	
141	
163	
162	
152	
130	
161	
141	
158	
187	
161	
151	
164	
167	
164	
148	
167	
156	
150	
184	
134	
159	
140	
157	
167	
140	
142	
152	
168	
168	
166	
155	
194	
138	
178	
176	
174	
169	
160	
153	
159	
145	
162	
152	
153	
175	
168	
141	
154	
159	
149	
151	
147	
145	
144	
142	
144	
168	
153	
146	
153	
151	
168	
147	
169	
149	
147	
180	
146	
143	
151	
166	
149	
178	
165	
143	
192	
157	
161	
157	
158	
161	
155	
175	
179	
142	
162	
160	
162	
159	
154	
155	
152	
155	
155	
175	
162	
180	
141	
152	
154	
159	
143	
151	
138	
161	
154	
166	
173	
158	
155	
179	
162	
167	
152	
145	
168	
170	
160	
155	
159	
144	
141	
157	
157	
137	
128	
160	
151	
166	
177	
157	
156	
163	
163	
167	
161	
155	
168	
166	
148	
173	
134	
148	
151	
144	
148	
160	
156	
131	
165	
162	
163	
155	
141	
154	
156	
151	
150	
142	
158	
154	
132	
149	
167	
174	
177	
151	
150	
145	
157	
159	
154	
174	
175	
157	
154	
154	
160	
150	
149	
147	
144	
146	
158	
157	
172	
165	
142	
164	
163	
149	
159	
142	
139	
189	
169	
147	
140	
174	
155	
161	
148	
171	
165	
146	
155	
151	
161	
162	
130	
168	
165	
117	
165	
147	
177	
135	
143	
170	
165	
143	
164	
187	
147	
154	
162	
142	
157	
187	
153	
140	
155	
166	
139	
168	
157	
149	
170	
173	
137	
159	
160	
159	
156	
164	
151	
151	
170	
176	
158	
171	
148	
146	
145	
183	
165	
162	
161	
154	
158	
178	
155	
163	
169	
176	
167	
141	
145	
148	
177	
172	
166	
160	
158	
170	
187	
162	
154	
152	
131	
157	
141	
182	
165	
156	
146	
152	
150	
163	
157	
177	
160	
174	
152	
145	
172	
163	
155	
176	
171	
176	
145	
179	
176	
146	
164	
167	
148	
132	
138	
147	
153	
176	
160	
174	
158	
143	
151	
154	
167	
152	
150	
136	
138	
159	
150	
135	
161	
156	
179	
147	
161	
142	
166	
155	
145	
158	
163	
173	
126	
170	
163	
156	
155	
147	
142	
150	
147	
158	
155	
152	
176	
163	
160	
147	
154	
174	
157	
168	
145	
157	
179	
169	
154	
150	
150	
142	
164	
160	
150	
141	
157	
153	
140	
157	
150	
145	
152	
157	
156	
211	
166	
143	
165	
143	
157	
145	
174	
175	
126	
176	
181	
179	
152	
165	
162	
151	
142	
179	
153	
181	
177	
160	
145	
175	
169	
163	
144	
151	
150	
165	
174	
168	
166	
160	
163	
164	
161	
159	
147	
169	
169	
152	
144	
176	
149	
178	
149	
174	
148	
151	
165	
166	
152	
158	
168	
153	
152	
163	
164	
169	
161	
155	
149	
176	
158	
180	
156	
137	
167	
170	
143	
165	
166	
152	
160	
154	
188	
146	
190	
154	
177	
155	
132	
152	
172	
157	
158	
167	
179	
148	
146	
163	
148	
146	
175	
152	
162	
138	
125	
155	
149	
142	
151	
165	
164	
153	
165	
141	
157	
157	
151	
151	
151	
162	
151	
153	
166	
142	
151	
141	
161	
132	
171	
141	
160	
136	
170	
151	
143	
173	
135	
146	
147	
183	
163	
145	
134	
159	
136	
169	
139	
166	
147	
172	
143	
146	
156	
160	
161	
145	
166	
131	
175	
158	
161	
161	
145	
167	
165	
164	
156	
171	
154	
156	
140	
147	
157	
154	
159	
159	
156	
170	
154	
152	
153	
160	
149	
169	
149	
170	
156	
159	
148	
141	
158	
143	
175	
163	
162	
168	
158	
181	
146	
161	
166	
152	
167	
146	
167	
158	
153	
152	
167	
146	
171	
168	
154	
140	
147	
150	
141	
166	
136	
148	
162	
174	
159	
168	
161	
155	
139	
146	
170	
130	
180	
157	
161	
140	
150	
168	
160	
159	
166	
161	
187	
161	
162	
177	
185	
165	
180	
164	
175	
143	
158	
165	
164	
139	
136	
163	
163	
153	
179	
142	
190	
153	
192	
153	
142	
165	
164	
158	
168	
149	
154	
144	
182	
169	
158	
162	
160	
163	
144	
143	
148	
149	
160	
168	
179	
164	
171	
144	
160	
153	
159	
149	
157	
149	
178	
170	
161	
162	
171	
161	
159	
158	
152	
160	
161	
183	
147	
154	
167	
156	
144	
168	
140	
148	
163	
156	
150	
175	
158	
141	
167	
156	
167	
169	
143	
155	
161	
164	
163	
147	
174	
172	
155	
153	
163	
153	
184	
164	
159	
150	
160	
193	
147	
168	
157	
166	
166	
142	
171	
144	
136	
154	
146	
165	
150	
195	
161	
150	
175	
145	
142	
175	
159	
156	
160	
171	
160	
156	
162	
159	
155	
148	
152	
159	
155	
170	
168	
152	
145	
148	
164	
150	
156	
180	
144	
159	
145	
154	
184	
142	
145	
161	
158	
162	
152	
144	
183	
164	
162	
154	
151	
148	
147	
155	
128	
151	
150	
150	
148	
173	
173	
163	
153	
154	
161	
130	
167	
147	
191	
150	
163	
141	
171	
144	
147	
153	
187	
154	
128	
176	
153	
166	
170	
157	
147	
149	
169	
132	
173	
149	
148	
187	
149	
152	
177	
166	
155	
143	
140	
127	
167	
144	
158	
134	
159	
164	
165	
149	
182	
156	
156	
157	
140	
149	
156	
135	
150	
149	
145	
148	
157	
183	
152	
168	
189	
148	
165	
138	
182	
160	
153	
169	
162	
146	
137	
162	
161	
164	
160	
159	
122	
175	
163	
160	
182	
176	
155	
173	
149	
157	
159	
156	
153	
159	
158	
159	
176	
146	
175	
148	
170	
149	
160	
163	
131	
167	
160	
174	
159	
148	
146	
151	
156	
156	
161	
157	
184	
166	
172	
164	
150	
155	
172	
161	
148	
153	
166	
150	
177	
178	
144	
168	
154	
140	
141	
164	
144	
148	
140	
161	
159	
168	
151	
159	
160	
151	
163	
154	
151	
164	
172	
161	
143	
165	
181	
159	
149	
146	
164	
173	
155	
165	
160	
152	
145	
146	
150	
162	
195	
145	
157	
152	
162	
153	
168	
151	
166	
141	
172	
148	
153	
138	
156	
159	
134	
155	
147	
160	
149	
177	
172	
149	
162	
164	
162	
179	
156	
167	
158	
171	
162	
152	
152	
172	
143	
145	
156	
161	
161	
139	
149	
172	
160	
149	
133	
155	
156	
135	
150	
158	
157	
162	
182	
166	
176	
170	
167	
152	
140	
159	
157	
168	
160	
156	
144	
156	
145	
150	
138	
141	
144	
149	
157	
202	
152	
147	
174	
154	
153	
155	
159	
153	
148	
148	
160	
151	
164	
156	
159	
135	
178	
166	
150	
173	
155	
153	
161	
163	
148	
156	
186	
177	
154	
141	
175	
154	
164	
147	
144	
160	
146	
143	
159	
140	
141	
159	
137	
183	
145	
160	
160	
145	
151	
171	
170	
170	
143	
164	
174	
149	
138	
163	
151	
160	
157	
159	
158	
168	
150	
135	
135	
153	
151	
160	
186	
162	
168	
160	
157	
146	
137	
176	
176	
140	
150	
153	
164	
170	
133	
156	
167	
162	
158	
161	
171	
163	
155	
180	
171	
171	
157	
163	
167	
156	
159	
179	
181	
174	
162	
171	
161	
154	
150	
168	
152	
156	
167	
171	
149	
159	
147	
150	
179	
171	
179	
149	
152	
153	
188	
148	
171	
157	
157	
162	
144	
128	
168	
174	
154	
163	
150	
153	
158	
163	
156	
155	
157	
157	
180	
141	
155	
157	
137	
177	
146	
158	
179	
155	
142	
160	
153	
167	
145	
160	
139	
197	
137	
166	
174	
161	
173	
163	
152	
160	
168	
158	
142	
149	
168	
142	
158	
138	
161	
169	
142	
156	
176	
159	
166	
147	
184	
164	
170	
143	
151	
176	
162	
165	
186	
148	
149	
156	
150	
156	
174	
165	
173	
151	
180	
147	
172	
152	
199	
170	
146	
175	
163	
175	
155	
164	
154	
166	
139	
152	
171	
166	
161	
154	
153	
151	
147	
162	
173	
162	
157	
139	
143	
166	
184	
160	
147	
148	
150	
172	
160	
143	
162	
130	
130	
138	
182	
172	
164	
160	
173	
167	
156	
160	
171	
161	
159	
153	
151	
165	
161	
143	
157	
161	
154	
157	
171	
164	
177	
133	
142	
164	
160	
146	
152	
170	
128	
152	
159	
159	
159	
153	
150	
148	
168	
144	
140	
144	
164	
138	
173	
173	
147	
151	
161	
166	
163	
155	
175	
159	
137	
153	
158	
154	
175	
179	
180	
175	
154	
138	
163	
152	
164	
164	
165	
164	
141	
173	
146	
139	
167	
153	
141	
163	
183	
173	
137	
170	
160	
157	
167	
169	
156	
159	
145	
126	
166	
146	
158	
170	
191	
178	
178	
154	
159	
165	
131	
164	
187	
159	
179	
138	
160	
176	
150	
137	
166	
170	
163	
132	
178	
124	
149	
171	
166	
162	
155	
160	
159	
149	
182	
171	
161	
176	
162	
146	
153	
140	
142	
154	
163	
160	
167	
176	
153	
171	
159	
149	
140	
149	
152	
151	
146	
148	
172	
166	
147	
164	
127	
164	
150	
176	
147	
166	
137	
163	
158	
168	
173	
160	
138	
142	
137	
153	
162	
160	
179	
170	
155	
155	
165	
165	
152	
145	
159	
173	
158	
183	
141	
162	
158	
161	
164	
164	
167	
183	
158	
160	
155	
142	
160	
165	
159	
177	
160	
147	
145	
169	
169	
185	
137	
162	
168	
162	
163	
164	
164	
174	
174	
161	
165	
164	
139	
160	
168	
128	
143	
167	
155	
162	
175	
157	
154	
176	
162	
160	
176	
151	
147	
151	
150	
152	
160	
175	
154	
163	
158	
165	
162	
154	
164	
166	
145	
159	
169	
153	
149	
159	
162	
149	
166	
160	
166	
155	
161	
156	
172	
159	
173	
157	
161	
179	
162	
173	
172	
162	
150	
153	
141	
146	
169	
165	
147	
143	
148	
160	
150	
144	
164	
165	
165	
141	
147	
160	
165	
169	
146	
171	
155	
165	
167	
158	
165	
143	
171	
136	
170	
158	
148	
164	
156	
148	
176	
157	
166	
186	
157	
185	
149	
176	
154	
163	
165	
154	
163	
154	
154	
181	
169	
158	
154	
157	
158	
167	
156	
157	
156	
159	
151	
152	
161	
145	
135	
158	
164	
171	
166	
142	
175	
144	
149	
156	
152	
145	
165	
161	
153	
178	
147	
164	
154	
162	
143	
164	
162	
152	
149	
143	
182	
163	
163	
148	
156	
159	
164	
151	
166	
149	
177	
160	
157	
159	
158	
156	
169	
175	
139	
149	
144	
170	
141	
151	
153	
167	
153	
181	
157	
168	
152	
154	
164	
173	
161	
149	
161	
184	
149	
149	
154	
150	
167	
166	
138	
162	
179	
174	
165	
164	
144	
148	
188	
162	
157	
173	
164	
150	
145	
155	
153	
165	
159	
155	
147	
166	
153	
164	
170	
149	
173	
163	
142	
172	
159	
146	
151	
171	
157	
148	
167	
159	
136	
150	
156	
159	
191	
160	
170	
163	
153	
181	
180	
165	
170	
132	
139	
157	
158	
165	
168	
164	
172	
176	
148	
176	
177	
159	
167	
157	
148	
154	
154	
132	
158	
179	
152	
131	
182	
141	
144	
133	
173	
167	
165	
159	
134	
179	
167	
153	
170	
172	
159	
185	
169	
155	
151	
148	
150	
147	
148	
143	
199	
177	
166	
150	
178	
140	
170	
187	
165	
160	
149	
166	
176	
152	
144	
161	
153	
181	
137	
166	
150	
164	
147	
139	
166	
157	
153	
154	
194	
160	
183	
159	
140	
159	
141	
163	
154	
161	
171	
165	
178	
166	
174	
154	
156	
145	
151	
178	
149	
167	
140	
138	
140	
153	
136	
157	
159	
171	
197	
151	
157	
157	
179	
138	
162	
141	
147	
145	
177	
132	
164	
147	
145	
155	
153	
154	
154	
145	
154	
144	
164	
164	
153	
157	
162	
150	
176	
144	
153	
163	
155	
168	
190	
150	
169	
153	
163	
170	
164	
150	
171	
144	
165	
148	
163	
178	
149	
173	
163	
186	
156	
174	
150	
163	
176	
145	
166	
166	
157	
146	
161	
158	
149	
152	
144	
178	
161	
176	
158	
164	
156	
154	
151	
158	
185	
170	
151	
166	
183	
157	
157	
171	
153	
184	
150	
181	
172	
145	
157	
147	
158	
176	
179	
156	
166	
162	
167	
171	
155	
170	
159	
162	
159	
170	
150	
148	
172	
173	
150	
176	
159	
134	
142	
165	
150	
149	
161	
152	
159	
187	
155	
176	
181	
153	
153	
151	
166	
169	
143	
175	
166	
135	
145	
164	
155	
166	
142	
155	
152	
151	
151	
147	
172	
165	
137	
146	
186	
158	
141	
187	
172	
180	
163	
170	
139	
132	
151	
151	
158	
150	
153	
130	
166	
175	
145	
162	
156	
151	
174	
166	
157	
166	
168	
158	
156	
144	
169	
175	
163	
165	
181	
178	
131	
167	
175	
161	
130	
150	
168	
179	
201	
173	
165	
155	
144	
149	
156	
159	
168	
171	
156	
159	
154	
156	
154	
147	
167	
149	
156	
148	
171	
168	
161	
146	
141	
153	
170	
136	
147	
166	
150	
189	
181	
162	
160	
158	
151	
164	
163	
144	
160	
150	
164	
164	
182	
175	
162	
160	
160	
156	
137	
146	
156	
167	
151	
154	
175	
192	
155	
146	
159	
164	
134	
147	
152	
178	
152	
155	
175	
172	
176	
149	
162	
150	
199	
170	
156	
177	
164	
169	
184	
165	
183	
158	
175	
151	
139	
168	
163	
161	
169	
119	
164	
166	
172	
163	
165	
153	
158	
144	
170	
168	
163	
161	
184	
161	
170	
149	
167	
163	
160	
169	
160	
174	
152	
141	
154	
143	
147	
136	
153	
161	
188	
153	
169	
169	
157	
166	
172	
160	
168	
152	
145	
170	
153	
175	
159	
155	
147	
172	
141	
200	
169	
167	
163	
151	
179	
178	
164	
179	
144	
155	
143	
166	
153	
170	
181	
162	
151	
157	
167	
170	
139	
145	
148	
153	
162	
156	
143	
173	
180	
169	
131	
171	
149	
176	
172	
169	
166	
168	
180	
156	
161	
153	
158	
160	
150	
175	
163	
160	
146	
181	
162	
162	
171	
173	
181	
146	
151	
152	
165	
183	
159	
151	
155	
162	
145	
171	
155	
140	
163	
131	
199	
163	
171	
163	
149	
173	
161	
132	
155	
146	
151	
152	
188	
137	
158	
169	
157	
153	
174	
180	
169	
173	
141	
178	
151	
164	
155	
172	
174	
159	
166	
133	
163	
150	
158	
165	
154	
155	
157	
155	
160	
150	
178	
156	
170	
160	
144	
165	
173	
150	
166	
175	
150	
170	
156	
152	
163	
153	
142	
166	
165	
160	
151	
148	
184	
160	
182	
178	
172	
155	
175	
155	
170	
161	
144	
170	
143	
162	
156	
149	
174	
144	
148	
155	
158	
160	
192	
155	
157	
181	
153	
168	
172	
159	
170	
167	
160	
151	
156	
135	
170	
154	
158	
152	
157	
141	
170	
140	
144	
171	
159	
161	
129	
149	
156	
163	
172	
160	
162	
156	
164	
156	
153	
169	
153	
153	
159	
178	
144	
162	
166	
153	
157	
148	
169	
161	
174	
168	
157	
178	
158	
166	
144	
171	
156	
163	
154	
169	
166	
153	
155	
172	
161	
160	
185	
153	
162	
151	
140	
175	
162	
157	
161	
161	
164	
144	
166	
163	
155	
160	
158	
172	
148	
145	
146	
175	
167	
158	
155	
141	
164	
164	
163	
160	
172	
151	
156	
154	
164	
159	
160	
193	
166	
190	
165	
163	
152	
149	
147	
172	
156	
159	
159	
156	
166	
152	
147	
147	
157	
186	
185	
164	
143	
165	
174	
156	
166	
149	
149	
156	
151	
156	
148	
164	
140	
149	
166	
155	
160	
161	
171	
157	
153	
172	
167	
169	
176	
170	
159	
152	
152	
160	
145	
154	
153	
140	
168	
144	
154	
156	
178	
148	
170	
145	
163	
156	
163	
147	
176	
171	
175	
162	
168	
136	
164	
167	
150	
173	
151	
181	
160	
157	
160	
161	
181	
180	
145	
141	
162	
178	
186	
163	
159	
157	
148	
180	
177	
164	
143	
162	
179	
180	
141	
160	
157	
154	
157	
174	
165	
168	
153	
141	
141	
150	
151	
178	
181	
158	
161	
146	
163	
156	
174	
154	
171	
153	
164	
150	
167	
165	
166	
148	
147	
173	
164	
161	
151	
145	
153	
169	
135	
138	
161	
181	
148	
153	
166	
162	
161	
154	
149	
166	
163	
150	
163	
152	
153	
176	
148	
155	
163	
139	
146	
154	
161	
178	
155	
171	
156	
153	
174	
171	
168	
140	
151	
182	
147	
168	
158	
161	
170	
146	
167	
157	
147	
170	
163	
143	
170	
154	
153	
158	
166	
172	
162	
182	
173	
166	
135	
150	
146	
173	
169	
184	
179	
171	
154	
159	
168	
150	
154	
158	
170	
150	
167	
170	
146	
153	
173	
164	
163	
175	
168	
188	
158	
163	
156	
169	
156	
159	
160	
157	
173	
184	
164	
187	
151	
167	
190	
176	
137	
151	
180	
171	
150	
180	
157	
154	
180	
197	
145	
183	
155	
174	
162	
153	
185	
169	
160	
169	
172	
170	
157	
156	
157	
160	
172	
158	
164	
147	
157	
159	
152	
124	
146	
164	
156	
177	
165	
156	
147	
156	
159	
164	
142	
167	
144	
155	
175	
172	
173	
160	
153	
164	
179	
163	
147	
149	
170	
173	
163	
158	
168	
164	
169	
160	
171	
171	
159	
151	
153	
169	
146	
147	
178	
177	
176	
169	
163	
164	
151	
176	
164	
168	
166	
180	
163	
170	
173	
170	
166	
149	
156	
159	
149	
153	
145	
178	
150	
174	
197	
135	
150	
172	
162	
178	
154	
141	
123	
165	
163	
165	
162	
132	
148	
148	
158	
164	
173	
170	
162	
169	
161	
154	
144	
181	
175	
161	
169	
177	
181	
145	
163	
179	
181	
158	
173	
175	
161	
151	
140	
173	
135	
151	
162	
175	
169	
176	
159	
167	
159	
158	
146	
157	
163	
158	
156	
158	
180	
151	
170	
157	
149	
160	
149	
152	
159	
167	
158	
129	
161	
155	
178	
161	
180	
169	
190	
134	
152	
149	
153	
172	
161	
143	
160	
158	
170	
162	
157	
160	
181	
169	
157	
181	
172	
175	
171	
175	
157	
168	
154	
157	
178	
149	
164	
150	
146	
173	
143	
158	
159	
175	
155	
162	
179	
148	
175	
171	
163	
173	
165	
179	
146	
180	
161	
172	
142	
173	
159	
167	
148	
181	
169	
183	
148	
164	
162	
165	
177	
155	
165	
155	
163	
163	
154	
145	
177	
169	
157	
160	
154	
143	
170	
176	
158	
154	
186	
155	
183	
179	
153	
159	
176	
170	
166	
159	
182	
169	
170	
168	
163	
142	
159	
163	
150	
164	
180	
153	
185	
167	
148	
131	
153	
171	
158	
171	
162	
188	
171	
168	
169	
168	
177	
174	
178	
156	
171	
155	
189	
186	
156	
151	
180	
178	
154	
166	
162	
188	
150	
158	
158	
162	
171	
169	
182	
149	
177	
175	
159	
169	
138	
184	
180	
163	
142	
155	
150	
138	
153	
152	
160	
161	
142	
178	
190	
164	
176	
172	
158	
153	
184	
173	
141	
175	
176	
163	
160	
163	
206	
170	
147	
180	
160	
154	
145	
172	
160	
177	
151	
155	
143	
159	
196	
164	
157	
152	
165	
168	
185	
186	
157	
160	
151	
164	
175	
174	
181	
169	
172	
143	
162	
164	
170	
168	
192	
177	
149	
139	
157	
162	
172	
172	
150	
162	
177	
172	
167	
179	
181	
152	
152	
149	
160	
166	
158	
179	
181	
179	
159	
136	
194	
163	
181	
156	
155	
141	
144	
167	
147	
158	
176	
172	
173	
167	
171	
145	
175	
174	
165	
156	
158	
187	
161	
147	
159	
145	
163	
178	
164	
180	
169	
181	
155	
161	
164	
156	
182	
167	
150	
157	
147	
165	
190	
183	
176	
157	
157	
193	
174	
159	
139	
164	
164	
167	
175	
163	
164	
166	
167	
157	
185	
150	
173	
139	
171	
186	
168	
164	
172	
160	
158	
186	
147	
192	
156	
161	
154	
147	
132	
160	
180	
155	
183	
157	
165	
165	
163	
173	
180	
174	
163	
168	
196	
165	
172	
165	
174	
163	
163	
161	
165	
185	
174	
165	
171	
167	
154	
171	
161	
161	
171	
172	
190	
160	
164	
169	
179	
161	
178	
182	
180	
148	
161	
158	
155	
154	
172	
154	
170	
181	
163	
147	
162	
165	
159	
164	
146	
178	
181	
162	
150	
159	
166	
167	
174	
190	
162	
185	
177	
164	
161	
177	
165	
154	
171	
182	
171	
158	
157	
175	
158	
161	
162	
164	
180	
155	
163	
164	
176	
182	
163	
154	
178	
168	
158	
171	
197	
164	
186	
191	
169	
194	
186	
173	
161	
163	
185	
177	
160	
170	
166	
183	
182	
175	
179	
179	
169	
179	
183	
162	
184	
150	
179	
169	
172	
159	
183	
187	
195	
158	
152	
159	
162	
158	
162	
140	
165	
166	
192	
142	
160	
197	
173	
181	
180	
173	
179	
178	
158	
179	
179	
188	
182	
160	
171	
167	
172	
165	
189	
175	
151	
161	
172	
170	
189	
189	
188	
181	
197	
176	
161	
157	
221	
221	
169	
168	
141	
176	
191	
172	
190	
156	
187	
156	
168	
191	
173	
162	
198	
176	
166	
165	
170	
170	
174	
168	
160	
170	
177	
197	
189	
174	
201	
167	
192	
181	
179	
190	
174	
157	
167	
157	
159	
168	
164	
183	
172	
166	
201	
159	
182	
177	
198	
179	
185	
165	
180	
197	
181	
195	
176	
170	
186	
189	
181	
207	
162	
214	
196	
177	
196	
183	
174	
176	
194	
180	
198	
159	
197	
195	
177	
176	
169	
186	
202	
182	
178	
221	
169	
177	
186	
179	
183	
185	
194	
178	
175	
173	
182	
161	
177	
176	
190	
172	
191	
166	
186	
190	
185	
173	
161	
168	
175	
161	
142	
158	
130	
131	
108	
125	
124	
161	
142	
137	
151	
164	
149	
152	
178	
193	
177	
184	
175	
141	
174	
171	
177	
209	
166	
167	
197	
189	
178	
188	
175	
172	
188	
194	
185	
197	
161	
196	
189	
178	
198	
181	
170	
202	
187	
181	
201	
195	
179	
178	
181	
167	
180	
191	
193	
176	
183	
174	
178	
181	
189	
211	
192	
184	
186	
168	
185	
165	
187	
178	
181	
172	
165	
193	
180	
185	
203	
177	
175	
183	
182	
175	
198	
175	
165	
170	
197	
192	
183	
176	
162	
214	
217	
185	
198	
182	
190	
162	
186	
157	
156	
178	
164	
199	
164	
174	
180	
190	
159	
146	
38	
0	
0	
0	
0	
0	
0	
0	
0	
0	
0	
0	
0	
0	
0	
0	
0	
0	
0	
0	
0	
0	
0	
0	
0	
