1st cross bottom left

APD1 13k
APD2 10.5k

Time 1000s
Power 650 uW

BG APD1 6k
BG APD2 3.7k

#TimeHarp 200  Histogram Data			16.02.2023 13:24:14
#channels per curve
4096
#display curve no.
0	
#memory block no.
0	
#ns/channel
0.8875	
#counts
124	
100	
114	
122	
122	
119	
99	
114	
117	
103	
130	
128	
133	
111	
125	
112	
138	
109	
119	
118	
110	
117	
128	
134	
115	
111	
112	
97	
108	
116	
112	
112	
112	
107	
112	
112	
111	
110	
117	
101	
109	
144	
96	
127	
121	
124	
113	
104	
121	
108	
117	
107	
123	
108	
124	
116	
114	
120	
111	
125	
101	
116	
115	
113	
120	
110	
132	
132	
111	
99	
102	
126	
107	
123	
123	
123	
117	
119	
117	
122	
113	
123	
121	
123	
115	
132	
119	
118	
124	
113	
131	
126	
109	
114	
121	
117	
115	
108	
140	
122	
127	
113	
116	
121	
120	
118	
122	
109	
115	
128	
122	
116	
121	
108	
123	
112	
136	
107	
116	
121	
139	
111	
124	
99	
130	
92	
96	
125	
111	
137	
117	
122	
111	
134	
110	
127	
129	
115	
114	
121	
112	
118	
106	
112	
120	
108	
119	
121	
124	
122	
114	
126	
117	
117	
102	
104	
135	
118	
107	
125	
140	
116	
118	
99	
128	
110	
129	
99	
120	
111	
133	
111	
118	
120	
123	
128	
92	
112	
110	
108	
114	
111	
108	
116	
116	
111	
105	
123	
114	
118	
125	
131	
121	
103	
125	
124	
109	
123	
127	
120	
119	
115	
104	
110	
100	
141	
120	
123	
106	
122	
121	
114	
138	
118	
101	
110	
103	
115	
113	
129	
110	
103	
126	
106	
131	
121	
133	
103	
109	
128	
145	
116	
105	
125	
119	
100	
103	
122	
111	
140	
123	
129	
114	
108	
121	
125	
92	
102	
113	
115	
123	
124	
124	
113	
140	
122	
142	
101	
111	
95	
125	
120	
116	
128	
104	
120	
124	
119	
109	
124	
127	
122	
113	
110	
128	
130	
115	
129	
126	
127	
108	
111	
132	
129	
117	
119	
129	
139	
114	
130	
124	
117	
114	
119	
125	
113	
135	
130	
129	
123	
115	
106	
136	
117	
138	
112	
120	
119	
117	
123	
131	
137	
123	
97	
121	
126	
138	
101	
138	
121	
91	
120	
124	
114	
132	
118	
122	
115	
118	
125	
118	
112	
122	
123	
134	
105	
131	
121	
108	
127	
122	
113	
112	
120	
113	
124	
134	
103	
126	
120	
116	
105	
127	
126	
120	
115	
117	
117	
136	
113	
120	
123	
104	
124	
105	
119	
99	
124	
117	
109	
99	
126	
112	
129	
99	
136	
109	
134	
106	
123	
126	
124	
112	
114	
114	
112	
112	
116	
121	
116	
100	
124	
120	
113	
114	
118	
99	
125	
118	
122	
147	
123	
116	
126	
113	
108	
110	
105	
119	
112	
115	
120	
128	
139	
128	
112	
124	
105	
120	
110	
118	
108	
128	
140	
122	
107	
110	
114	
119	
109	
117	
120	
109	
114	
121	
106	
116	
140	
124	
102	
127	
112	
123	
118	
115	
111	
121	
127	
105	
121	
100	
114	
132	
125	
140	
111	
114	
113	
104	
125	
141	
123	
132	
121	
110	
124	
128	
133	
110	
124	
129	
116	
136	
119	
122	
103	
112	
121	
130	
111	
96	
111	
104	
116	
121	
121	
117	
142	
113	
116	
116	
117	
126	
113	
135	
113	
119	
123	
115	
132	
116	
110	
109	
127	
127	
110	
115	
127	
120	
116	
135	
125	
116	
112	
121	
108	
121	
148	
129	
109	
113	
102	
118	
121	
135	
128	
140	
131	
113	
101	
112	
114	
110	
125	
116	
122	
135	
114	
95	
119	
120	
97	
113	
103	
113	
123	
102	
103	
120	
114	
101	
102	
122	
118	
93	
128	
128	
113	
132	
108	
124	
108	
114	
127	
110	
145	
101	
109	
114	
108	
123	
120	
114	
129	
133	
136	
115	
116	
100	
101	
102	
130	
113	
122	
117	
135	
105	
107	
121	
129	
115	
110	
103	
122	
132	
93	
133	
111	
123	
130	
130	
101	
102	
132	
139	
103	
116	
111	
100	
107	
102	
127	
127	
146	
122	
131	
108	
131	
112	
99	
113	
100	
121	
115	
97	
111	
127	
109	
119	
142	
115	
106	
123	
146	
104	
111	
112	
124	
94	
137	
115	
124	
102	
111	
120	
114	
114	
121	
115	
103	
124	
113	
129	
109	
111	
119	
122	
125	
112	
124	
108	
103	
124	
110	
131	
115	
110	
126	
127	
126	
117	
106	
108	
106	
129	
115	
129	
110	
121	
137	
104	
127	
114	
114	
143	
115	
134	
129	
149	
128	
134	
121	
128	
110	
110	
126	
118	
107	
88	
137	
127	
114	
130	
108	
108	
129	
121	
112	
131	
117	
117	
113	
122	
121	
115	
136	
119	
131	
105	
142	
129	
118	
112	
129	
112	
115	
118	
108	
121	
117	
123	
130	
110	
120	
104	
131	
121	
117	
111	
96	
113	
119	
113	
117	
110	
134	
105	
126	
100	
114	
110	
101	
110	
134	
91	
125	
130	
113	
128	
129	
130	
117	
116	
109	
109	
98	
115	
126	
130	
129	
123	
117	
116	
108	
127	
133	
114	
98	
128	
99	
106	
108	
127	
135	
122	
125	
109	
107	
102	
129	
126	
117	
111	
105	
117	
140	
137	
100	
112	
103	
123	
114	
124	
114	
121	
112	
104	
107	
133	
125	
114	
126	
106	
108	
128	
109	
113	
128	
115	
119	
111	
116	
126	
128	
127	
112	
121	
134	
121	
122	
122	
131	
106	
116	
134	
117	
96	
92	
140	
114	
115	
116	
120	
122	
125	
110	
132	
103	
107	
122	
116	
115	
120	
119	
108	
110	
106	
105	
106	
118	
122	
119	
94	
122	
108	
126	
102	
125	
108	
141	
117	
137	
115	
124	
129	
117	
112	
122	
111	
115	
120	
116	
124	
132	
124	
116	
126	
102	
120	
107	
122	
106	
129	
113	
145	
93	
116	
115	
106	
106	
117	
138	
109	
145	
120	
131	
116	
129	
113	
122	
132	
124	
107	
109	
105	
115	
108	
104	
131	
109	
118	
105	
114	
128	
97	
128	
129	
108	
109	
127	
105	
117	
126	
117	
117	
127	
100	
126	
111	
121	
142	
139	
118	
114	
109	
133	
127	
120	
109	
115	
139	
136	
117	
123	
131	
106	
132	
104	
130	
134	
123	
111	
138	
120	
106	
125	
116	
125	
109	
118	
130	
111	
108	
129	
114	
116	
138	
112	
114	
98	
114	
126	
98	
129	
122	
105	
125	
105	
102	
104	
104	
116	
116	
115	
124	
130	
122	
126	
126	
94	
125	
107	
133	
112	
112	
112	
118	
118	
137	
118	
112	
119	
126	
125	
143	
111	
105	
123	
115	
128	
112	
133	
111	
102	
115	
112	
108	
105	
124	
119	
106	
123	
102	
137	
135	
113	
112	
104	
119	
119	
139	
119	
120	
112	
129	
114	
123	
125	
115	
117	
97	
104	
136	
121	
140	
103	
119	
110	
139	
110	
131	
127	
121	
120	
132	
142	
127	
109	
105	
109	
125	
119	
101	
122	
111	
121	
111	
103	
111	
107	
115	
127	
120	
118	
120	
117	
133	
120	
106	
127	
132	
97	
119	
119	
114	
116	
139	
122	
109	
111	
119	
133	
116	
137	
118	
123	
105	
110	
109	
109	
120	
96	
122	
130	
115	
112	
126	
121	
119	
128	
103	
134	
119	
139	
146	
109	
115	
126	
116	
121	
118	
119	
112	
99	
136	
117	
109	
119	
117	
110	
128	
105	
113	
120	
117	
100	
119	
157	
101	
111	
118	
121	
124	
108	
99	
106	
113	
134	
136	
119	
124	
124	
131	
133	
121	
135	
124	
131	
114	
114	
132	
119	
133	
112	
124	
104	
111	
127	
131	
108	
93	
125	
116	
110	
126	
128	
109	
114	
118	
117	
130	
142	
109	
139	
126	
121	
120	
112	
123	
119	
101	
99	
117	
108	
119	
101	
116	
108	
133	
135	
135	
111	
124	
109	
116	
106	
114	
114	
154	
92	
93	
133	
135	
111	
104	
132	
137	
114	
119	
128	
137	
148	
116	
108	
101	
103	
111	
106	
126	
135	
131	
118	
120	
118	
115	
138	
108	
105	
106	
139	
128	
127	
119	
134	
116	
101	
98	
124	
119	
118	
138	
125	
118	
123	
136	
134	
106	
112	
128	
123	
100	
109	
111	
108	
121	
137	
138	
123	
112	
118	
87	
95	
120	
123	
125	
97	
105	
118	
115	
121	
113	
117	
146	
117	
125	
108	
125	
106	
125	
120	
122	
133	
124	
108	
109	
114	
112	
137	
121	
136	
112	
129	
129	
119	
116	
122	
121	
117	
109	
117	
105	
114	
112	
110	
135	
122	
126	
118	
119	
115	
132	
110	
120	
128	
127	
107	
121	
126	
111	
127	
96	
111	
107	
119	
107	
123	
109	
114	
126	
106	
116	
123	
132	
131	
108	
121	
118	
120	
125	
131	
110	
134	
108	
120	
114	
111	
126	
117	
127	
127	
99	
128	
118	
109	
123	
123	
112	
94	
103	
115	
123	
129	
124	
98	
106	
92	
123	
127	
146	
108	
130	
134	
110	
137	
132	
124	
117	
122	
114	
125	
140	
116	
119	
107	
125	
122	
115	
128	
128	
120	
131	
124	
132	
115	
123	
112	
141	
124	
129	
99	
131	
121	
107	
114	
121	
127	
115	
110	
109	
120	
124	
117	
119	
119	
124	
116	
136	
125	
136	
128	
114	
109	
115	
154	
117	
104	
119	
127	
112	
124	
105	
141	
111	
110	
113	
119	
121	
124	
131	
119	
98	
124	
118	
135	
128	
122	
115	
97	
132	
135	
132	
120	
107	
116	
110	
136	
117	
134	
122	
106	
126	
97	
112	
119	
112	
120	
143	
145	
121	
107	
123	
124	
129	
116	
128	
92	
138	
104	
140	
110	
139	
124	
113	
125	
130	
112	
107	
109	
122	
110	
127	
127	
115	
136	
115	
129	
104	
118	
110	
129	
100	
111	
134	
125	
121	
128	
122	
125	
123	
116	
120	
146	
128	
122	
114	
111	
116	
129	
118	
129	
116	
106	
121	
125	
118	
116	
128	
136	
124	
114	
119	
130	
106	
120	
121	
116	
111	
100	
134	
121	
115	
97	
90	
115	
127	
128	
124	
140	
103	
115	
118	
144	
129	
115	
123	
115	
105	
124	
110	
130	
103	
118	
128	
112	
122	
115	
117	
120	
146	
119	
135	
121	
138	
122	
108	
112	
141	
120	
140	
106	
120	
120	
127	
130	
132	
136	
136	
106	
102	
124	
113	
116	
122	
109	
104	
125	
148	
150	
108	
131	
116	
113	
114	
134	
128	
130	
102	
122	
104	
114	
146	
125	
136	
128	
108	
122	
138	
118	
115	
105	
139	
132	
128	
131	
142	
147	
122	
116	
92	
133	
116	
99	
128	
111	
126	
109	
120	
120	
133	
116	
120	
128	
120	
105	
136	
95	
119	
109	
121	
127	
139	
119	
123	
123	
107	
119	
131	
75	
129	
122	
128	
133	
127	
116	
122	
127	
126	
131	
127	
109	
117	
122	
118	
110	
123	
105	
109	
109	
132	
127	
118	
111	
128	
101	
110	
127	
128	
129	
144	
111	
125	
123	
111	
113	
114	
100	
103	
109	
132	
133	
114	
109	
112	
105	
111	
126	
116	
119	
112	
137	
116	
124	
111	
124	
114	
127	
122	
127	
136	
119	
116	
114	
123	
123	
130	
114	
120	
128	
121	
110	
133	
140	
139	
119	
123	
115	
127	
121	
127	
111	
118	
104	
112	
118	
104	
111	
112	
117	
104	
115	
127	
108	
117	
124	
120	
131	
132	
119	
118	
143	
112	
124	
107	
109	
127	
108	
104	
113	
103	
100	
119	
117	
117	
119	
114	
135	
126	
127	
123	
108	
131	
105	
107	
104	
110	
116	
110	
146	
119	
114	
108	
131	
105	
127	
113	
123	
131	
130	
114	
102	
133	
123	
120	
124	
107	
123	
119	
108	
116	
125	
125	
140	
117	
113	
118	
130	
134	
112	
123	
121	
140	
155	
126	
113	
133	
122	
111	
108	
109	
108	
119	
140	
111	
122	
129	
135	
128	
123	
114	
133	
111	
131	
126	
138	
107	
124	
133	
149	
126	
123	
119	
133	
124	
117	
118	
121	
128	
129	
130	
131	
119	
131	
110	
129	
116	
112	
113	
118	
137	
133	
118	
119	
131	
133	
130	
130	
110	
128	
120	
134	
132	
129	
115	
113	
109	
135	
136	
120	
136	
110	
120	
114	
109	
114	
103	
112	
126	
107	
118	
123	
123	
132	
135	
120	
113	
106	
125	
97	
128	
97	
129	
123	
110	
118	
118	
117	
101	
111	
113	
128	
111	
114	
129	
112	
123	
118	
135	
134	
142	
130	
134	
124	
104	
103	
104	
115	
120	
129	
127	
127	
127	
114	
110	
118	
120	
129	
109	
118	
129	
118	
128	
113	
129	
114	
134	
125	
131	
155	
152	
122	
133	
103	
112	
122	
136	
131	
126	
126	
105	
118	
110	
107	
110	
126	
106	
122	
136	
103	
117	
126	
130	
115	
129	
119	
124	
128	
113	
120	
137	
107	
130	
110	
138	
119	
116	
120	
124	
107	
110	
101	
128	
125	
119	
130	
114	
122	
125	
115	
123	
131	
109	
142	
129	
121	
133	
126	
126	
114	
102	
110	
140	
127	
97	
130	
129	
124	
106	
116	
115	
116	
106	
114	
120	
99	
139	
132	
107	
131	
119	
153	
119	
109	
133	
119	
127	
116	
126	
101	
123	
113	
111	
112	
139	
105	
125	
128	
104	
109	
124	
125	
118	
122	
101	
129	
124	
127	
116	
103	
139	
107	
111	
127	
121	
126	
112	
131	
131	
105	
122	
95	
134	
129	
120	
114	
108	
117	
141	
119	
116	
119	
108	
128	
124	
101	
123	
109	
125	
123	
111	
113	
127	
116	
116	
126	
104	
140	
117	
124	
119	
107	
132	
128	
106	
122	
121	
112	
107	
120	
135	
106	
141	
109	
133	
119	
124	
130	
113	
148	
104	
107	
138	
114	
107	
141	
96	
122	
122	
127	
134	
110	
126	
109	
127	
121	
121	
115	
111	
136	
132	
138	
101	
117	
108	
118	
128	
125	
116	
143	
125	
118	
132	
123	
126	
121	
114	
119	
123	
115	
125	
110	
113	
136	
102	
130	
124	
114	
111	
103	
110	
120	
133	
128	
111	
123	
112	
123	
101	
113	
108	
122	
121	
128	
110	
119	
119	
111	
116	
124	
115	
99	
122	
133	
116	
95	
124	
116	
108	
119	
135	
96	
102	
125	
118	
115	
104	
115	
120	
101	
140	
118	
125	
122	
138	
123	
117	
127	
120	
94	
113	
125	
106	
114	
116	
119	
113	
103	
112	
141	
134	
121	
121	
114	
135	
125	
117	
132	
132	
136	
121	
110	
117	
107	
100	
126	
115	
134	
113	
117	
127	
131	
109	
114	
127	
116	
110	
143	
112	
122	
118	
98	
114	
128	
118	
137	
124	
112	
121	
122	
126	
129	
125	
109	
114	
121	
118	
116	
113	
128	
118	
118	
122	
127	
125	
107	
109	
126	
103	
123	
104	
109	
122	
108	
122	
95	
119	
121	
115	
106	
103	
115	
127	
109	
110	
120	
114	
103	
125	
98	
140	
127	
105	
133	
128	
129	
141	
120	
131	
119	
123	
136	
130	
103	
123	
118	
102	
117	
140	
110	
118	
134	
122	
113	
103	
117	
117	
100	
129	
109	
99	
121	
118	
130	
95	
110	
114	
121	
131	
135	
135	
109	
114	
129	
114	
114	
124	
126	
118	
109	
123	
106	
139	
122	
123	
129	
131	
119	
122	
127	
119	
130	
139	
112	
126	
108	
109	
105	
118	
113	
107	
130	
130	
122	
114	
140	
123	
133	
102	
119	
112	
116	
116	
148	
122	
123	
108	
133	
125	
126	
119	
110	
115	
133	
107	
106	
125	
130	
133	
120	
134	
117	
112	
121	
102	
100	
122	
123	
126	
117	
124	
104	
117	
108	
112	
111	
106	
126	
121	
121	
101	
129	
131	
119	
118	
98	
115	
112	
135	
139	
98	
99	
114	
116	
132	
105	
133	
136	
105	
103	
129	
126	
114	
117	
115	
133	
122	
117	
124	
128	
140	
114	
133	
103	
103	
124	
107	
129	
113	
110	
132	
119	
120	
115	
123	
142	
115	
136	
123	
130	
134	
116	
102	
105	
126	
135	
116	
132	
116	
126	
104	
116	
127	
118	
121	
111	
141	
122	
113	
104	
125	
122	
127	
112	
120	
117	
117	
121	
126	
126	
146	
116	
102	
112	
101	
123	
106	
138	
113	
109	
120	
127	
138	
109	
124	
114	
140	
117	
142	
118	
123	
117	
106	
113	
107	
133	
119	
99	
113	
114	
110	
144	
126	
116	
137	
114	
123	
135	
100	
140	
121	
103	
102	
137	
111	
123	
125	
126	
148	
121	
107	
119	
104	
118	
126	
114	
123	
115	
112	
106	
123	
107	
125	
123	
110	
119	
126	
155	
127	
126	
125	
129	
110	
114	
121	
111	
128	
117	
122	
96	
131	
125	
127	
106	
123	
116	
101	
118	
110	
144	
116	
132	
116	
113	
120	
128	
112	
125	
112	
117	
138	
114	
129	
108	
129	
104	
105	
119	
143	
127	
124	
108	
110	
125	
140	
106	
120	
122	
107	
141	
117	
132	
127	
134	
109	
119	
115	
125	
146	
132	
117	
113	
130	
120	
119	
105	
126	
107	
123	
116	
109	
133	
132	
115	
119	
112	
127	
125	
131	
125	
104	
119	
119	
128	
101	
118	
117	
115	
114	
118	
117	
117	
120	
120	
100	
120	
122	
114	
117	
136	
122	
106	
123	
128	
113	
127	
110	
111	
111	
113	
125	
103	
108	
97	
115	
120	
102	
95	
119	
120	
112	
120	
132	
125	
124	
131	
139	
109	
125	
119	
131	
132	
120	
118	
99	
112	
130	
129	
127	
121	
114	
117	
112	
121	
107	
125	
104	
111	
113	
134	
132	
130	
134	
94	
129	
115	
117	
121	
123	
149	
110	
128	
120	
130	
127	
138	
99	
127	
128	
131	
110	
121	
119	
116	
126	
118	
120	
133	
130	
127	
139	
128	
128	
111	
112	
139	
121	
112	
131	
129	
119	
128	
136	
138	
104	
142	
123	
145	
162	
117	
120	
110	
105	
113	
134	
119	
118	
118	
131	
112	
118	
129	
118	
99	
126	
119	
129	
129	
105	
106	
138	
114	
120	
139	
118	
135	
128	
128	
117	
135	
115	
119	
114	
99	
114	
111	
113	
108	
139	
100	
130	
134	
128	
122	
121	
121	
120	
95	
124	
123	
121	
120	
108	
106	
134	
120	
118	
115	
121	
122	
131	
131	
135	
104	
133	
123	
136	
117	
121	
121	
116	
133	
115	
133	
142	
122	
126	
137	
141	
98	
131	
109	
156	
102	
114	
121	
108	
110	
118	
124	
116	
111	
154	
114	
138	
107	
108	
115	
130	
115	
119	
137	
120	
119	
122	
124	
118	
144	
125	
115	
112	
124	
124	
133	
112	
109	
125	
104	
130	
145	
130	
119	
127	
127	
127	
104	
106	
141	
105	
104	
149	
123	
107	
112	
143	
123	
146	
124	
109	
110	
133	
129	
158	
116	
126	
105	
137	
123	
133	
94	
107	
131	
103	
110	
115	
96	
139	
133	
124	
140	
118	
98	
124	
117	
132	
128	
116	
113	
117	
109	
137	
121	
134	
119	
127	
110	
119	
105	
98	
114	
130	
123	
125	
117	
146	
102	
128	
112	
124	
126	
132	
132	
105	
111	
112	
124	
118	
114	
131	
120	
120	
137	
112	
112	
120	
107	
126	
116	
121	
125	
109	
129	
122	
118	
134	
129	
119	
120	
120	
113	
121	
146	
118	
117	
134	
105	
120	
139	
115	
113	
128	
108	
120	
128	
114	
126	
128	
126	
118	
121	
122	
122	
119	
118	
124	
140	
133	
131	
140	
104	
111	
125	
108	
130	
106	
124	
127	
96	
116	
141	
117	
106	
122	
121	
139	
114	
141	
113	
134	
118	
136	
120	
115	
139	
123	
124	
109	
128	
114	
125	
131	
131	
116	
123	
143	
132	
115	
124	
128	
114	
116	
137	
100	
122	
103	
112	
127	
97	
126	
122	
110	
102	
128	
128	
112	
135	
118	
121	
125	
118	
96	
126	
138	
117	
138	
126	
138	
135	
99	
126	
110	
120	
133	
130	
123	
121	
127	
137	
116	
129	
127	
122	
110	
108	
119	
113	
105	
123	
131	
118	
140	
134	
118	
107	
126	
139	
133	
132	
118	
125	
120	
124	
130	
133	
138	
112	
119	
120	
133	
127	
112	
113	
130	
121	
130	
126	
123	
115	
109	
119	
130	
124	
124	
128	
135	
124	
126	
113	
108	
111	
128	
129	
119	
138	
127	
120	
137	
122	
126	
117	
132	
130	
116	
110	
127	
111	
128	
130	
125	
126	
101	
134	
115	
124	
141	
126	
124	
140	
112	
130	
119	
119	
125	
130	
140	
125	
123	
111	
137	
135	
121	
109	
137	
142	
126	
119	
128	
127	
147	
136	
127	
99	
114	
145	
134	
118	
125	
108	
132	
143	
106	
119	
128	
104	
127	
135	
128	
116	
111	
121	
122	
129	
113	
126	
131	
110	
142	
126	
109	
104	
138	
124	
117	
116	
117	
123	
116	
134	
129	
109	
118	
114	
123	
133	
122	
123	
124	
129	
113	
129	
123	
132	
117	
133	
116	
112	
104	
127	
126	
124	
137	
117	
118	
112	
133	
145	
129	
116	
115	
117	
121	
126	
113	
123	
138	
136	
123	
118	
108	
104	
129	
113	
124	
131	
126	
134	
131	
121	
110	
129	
118	
131	
125	
114	
128	
135	
119	
127	
126	
140	
107	
116	
122	
117	
130	
126	
114	
123	
147	
119	
111	
111	
127	
116	
108	
116	
120	
133	
121	
126	
151	
129	
113	
127	
129	
120	
123	
119	
123	
114	
140	
122	
137	
115	
127	
123	
120	
127	
121	
132	
129	
110	
132	
137	
139	
131	
119	
132	
134	
119	
103	
124	
117	
115	
118	
128	
131	
119	
145	
138	
119	
109	
132	
131	
125	
120	
136	
126	
117	
126	
136	
120	
127	
109	
118	
113	
129	
128	
138	
116	
131	
120	
119	
114	
113	
138	
118	
105	
124	
132	
102	
138	
128	
109	
104	
128	
130	
124	
146	
130	
136	
124	
111	
116	
129	
111	
127	
119	
122	
131	
121	
115	
124	
116	
134	
115	
121	
141	
117	
120	
119	
113	
124	
126	
133	
125	
148	
116	
115	
127	
128	
134	
131	
104	
126	
122	
120	
109	
123	
133	
124	
124	
115	
139	
143	
120	
107	
133	
119	
127	
138	
111	
127	
141	
109	
116	
111	
119	
132	
104	
114	
120	
126	
142	
112	
129	
101	
109	
104	
106	
130	
143	
119	
101	
129	
130	
119	
89	
117	
128	
131	
143	
133	
120	
111	
121	
141	
118	
117	
143	
134	
148	
116	
134	
136	
138	
131	
113	
136	
122	
136	
136	
127	
126	
121	
122	
133	
121	
114	
123	
117	
129	
124	
115	
129	
128	
106	
111	
142	
130	
119	
116	
158	
107	
105	
126	
120	
137	
143	
115	
131	
139	
115	
119	
133	
130	
116	
124	
118	
110	
144	
137	
117	
115	
142	
123	
119	
134	
133	
127	
128	
118	
106	
124	
114	
114	
139	
103	
108	
124	
114	
131	
115	
116	
105	
126	
132	
112	
136	
142	
145	
105	
100	
125	
124	
120	
121	
118	
115	
119	
115	
130	
130	
119	
125	
123	
104	
129	
145	
144	
130	
116	
123	
130	
126	
109	
137	
115	
142	
134	
127	
98	
121	
119	
116	
99	
116	
133	
117	
133	
123	
146	
127	
130	
105	
117	
110	
132	
129	
125	
138	
130	
125	
126	
116	
126	
143	
114	
140	
119	
122	
127	
111	
109	
133	
137	
119	
126	
141	
116	
128	
149	
101	
132	
130	
121	
138	
131	
137	
108	
131	
132	
122	
104	
112	
134	
131	
126	
135	
91	
118	
116	
114	
119	
107	
108	
150	
117	
126	
134	
127	
109	
121	
130	
125	
119	
150	
116	
117	
120	
135	
128	
129	
120	
129	
112	
144	
131	
114	
120	
113	
147	
133	
120	
125	
126	
117	
125	
121	
134	
132	
123	
120	
137	
130	
116	
129	
105	
138	
112	
124	
123	
104	
129	
121	
121	
134	
126	
125	
118	
108	
131	
121	
118	
108	
127	
153	
141	
102	
138	
138	
135	
106	
131	
145	
132	
122	
138	
137	
146	
118	
118	
113	
132	
128	
130	
128	
131	
128	
142	
143	
110	
121	
128	
139	
118	
135	
122	
125	
124	
130	
117	
112	
132	
147	
129	
122	
129	
112	
142	
124	
120	
102	
140	
144	
134	
148	
133	
128	
130	
130	
122	
144	
110	
135	
128	
113	
113	
120	
143	
133	
126	
128	
116	
117	
118	
116	
125	
149	
129	
145	
142	
104	
129	
130	
124	
143	
119	
123	
111	
128	
142	
131	
157	
143	
145	
105	
138	
130	
137	
121	
119	
124	
116	
133	
113	
142	
138	
136	
128	
141	
130	
120	
113	
135	
121	
128	
127	
134	
144	
140	
127	
151	
127	
124	
148	
142	
148	
119	
127	
131	
132	
145	
130	
117	
138	
121	
152	
125	
116	
145	
127	
142	
144	
143	
120	
154	
148	
134	
141	
148	
122	
141	
126	
114	
136	
138	
153	
152	
146	
129	
148	
140	
124	
141	
122	
114	
146	
154	
126	
141	
144	
152	
137	
131	
118	
144	
148	
150	
127	
155	
127	
131	
132	
109	
137	
133	
126	
118	
131	
112	
158	
135	
140	
126	
125	
104	
120	
138	
122	
119	
103	
131	
118	
124	
113	
107	
106	
97	
102	
110	
119	
108	
108	
126	
112	
106	
117	
95	
123	
116	
105	
103	
129	
129	
128	
114	
120	
115	
134	
134	
125	
100	
109	
133	
141	
137	
132	
143	
139	
139	
128	
148	
132	
133	
150	
150	
140	
146	
143	
131	
122	
140	
130	
129	
136	
158	
146	
135	
135	
128	
146	
132	
136	
136	
136	
134	
134	
160	
156	
145	
142	
134	
135	
132	
125	
132	
150	
138	
159	
126	
125	
128	
135	
125	
135	
125	
131	
134	
142	
135	
143	
131	
158	
134	
136	
121	
135	
145	
137	
144	
136	
147	
143	
119	
125	
122	
131	
128	
138	
128	
131	
114	
22	
0	
0	
0	
0	
0	
0	
0	
0	
0	
0	
0	
0	
0	
0	
0	
0	
0	
0	
0	
0	
0	
0	
0	
0	
