1st cross bottom left

APD1 12k
APD2 15k

Time 1000s
Power 660 uW

BG APD1 3.5k
BG APD2 3.5k

#TimeHarp 200  Histogram Data			16.02.2023 11:14:49
#channels per curve
4096
#display curve no.
0	
#memory block no.
0	
#ns/channel
0.8875	
#counts
160	
157	
167	
177	
161	
174	
160	
176	
156	
161	
188	
151	
162	
169	
148	
160	
164	
168	
164	
187	
124	
162	
158	
175	
156	
155	
146	
171	
172	
190	
195	
139	
144	
162	
168	
175	
162	
160	
154	
160	
159	
155	
144	
172	
183	
169	
169	
153	
181	
153	
167	
155	
164	
143	
164	
173	
147	
171	
167	
151	
155	
151	
154	
151	
167	
162	
170	
163	
178	
159	
159	
147	
152	
169	
179	
176	
161	
148	
173	
157	
183	
166	
154	
147	
139	
144	
158	
162	
149	
186	
170	
161	
135	
160	
152	
164	
146	
141	
152	
161	
160	
178	
144	
172	
154	
176	
163	
160	
159	
183	
166	
181	
156	
151	
134	
156	
137	
174	
169	
159	
144	
146	
170	
151	
175	
171	
147	
176	
156	
151	
159	
162	
155	
149	
166	
173	
169	
176	
170	
170	
157	
154	
155	
177	
163	
169	
158	
133	
169	
155	
165	
151	
141	
162	
182	
169	
172	
171	
187	
150	
159	
165	
161	
172	
142	
180	
169	
161	
158	
152	
175	
180	
159	
161	
160	
156	
187	
146	
162	
143	
151	
157	
165	
186	
158	
153	
188	
158	
177	
169	
160	
165	
151	
157	
176	
156	
140	
151	
163	
158	
182	
167	
163	
170	
149	
151	
158	
172	
145	
148	
181	
156	
133	
146	
170	
182	
160	
157	
144	
156	
149	
185	
181	
158	
168	
157	
174	
163	
173	
169	
180	
150	
175	
173	
164	
179	
166	
150	
195	
160	
155	
152	
192	
178	
142	
163	
171	
167	
163	
164	
165	
142	
169	
170	
166	
151	
169	
162	
153	
142	
151	
160	
161	
162	
151	
156	
155	
167	
161	
157	
178	
149	
162	
164	
187	
169	
150	
161	
172	
168	
161	
167	
147	
141	
140	
165	
162	
168	
170	
169	
164	
152	
148	
177	
154	
173	
178	
147	
150	
156	
170	
163	
140	
169	
161	
197	
173	
171	
154	
158	
175	
168	
154	
156	
152	
171	
175	
157	
169	
153	
149	
137	
171	
167	
156	
170	
182	
173	
153	
162	
199	
151	
151	
165	
157	
158	
143	
165	
164	
178	
161	
152	
170	
123	
160	
191	
164	
171	
174	
171	
143	
133	
159	
167	
162	
160	
151	
154	
168	
160	
176	
153	
175	
174	
166	
149	
155	
150	
177	
159	
151	
183	
150	
157	
167	
150	
174	
162	
147	
179	
168	
175	
186	
137	
149	
188	
171	
171	
138	
182	
150	
156	
168	
148	
156	
162	
171	
190	
176	
155	
143	
161	
153	
159	
162	
154	
169	
162	
193	
160	
163	
182	
189	
162	
170	
155	
195	
181	
138	
150	
187	
173	
152	
158	
176	
162	
177	
150	
176	
192	
175	
151	
168	
179	
158	
168	
163	
160	
167	
157	
168	
142	
165	
167	
144	
157	
182	
167	
169	
157	
167	
154	
149	
193	
182	
142	
157	
189	
149	
165	
152	
155	
181	
164	
174	
165	
156	
165	
161	
180	
145	
158	
159	
159	
166	
185	
164	
188	
160	
166	
169	
161	
148	
162	
173	
156	
150	
161	
159	
152	
143	
181	
164	
171	
165	
161	
154	
156	
155	
163	
165	
179	
163	
146	
161	
167	
181	
167	
143	
189	
153	
172	
164	
174	
171	
159	
150	
156	
172	
174	
170	
174	
175	
149	
173	
147	
181	
176	
181	
158	
129	
143	
185	
155	
162	
184	
179	
176	
165	
153	
181	
174	
162	
163	
173	
142	
174	
151	
170	
164	
175	
168	
154	
162	
129	
139	
151	
187	
140	
145	
178	
141	
172	
163	
158	
165	
158	
167	
178	
171	
173	
165	
164	
172	
184	
170	
164	
172	
156	
171	
174	
147	
165	
180	
164	
149	
153	
158	
166	
162	
146	
155	
180	
157	
145	
150	
173	
155	
160	
171	
177	
139	
175	
176	
171	
187	
170	
157	
166	
159	
147	
158	
151	
168	
166	
157	
171	
138	
189	
156	
179	
146	
169	
172	
160	
187	
161	
167	
178	
168	
171	
150	
157	
168	
199	
169	
166	
168	
159	
165	
158	
168	
189	
174	
154	
175	
174	
156	
184	
187	
156	
144	
177	
156	
144	
160	
164	
174	
174	
164	
173	
163	
185	
165	
140	
145	
153	
178	
150	
185	
159	
165	
155	
179	
163	
179	
177	
179	
159	
155	
151	
160	
168	
173	
158	
167	
168	
164	
155	
151	
172	
163	
142	
161	
171	
186	
148	
162	
158	
155	
173	
162	
155	
141	
163	
160	
162	
161	
152	
152	
163	
165	
146	
173	
163	
172	
154	
171	
154	
151	
158	
158	
169	
179	
147	
154	
139	
158	
157	
166	
144	
168	
169	
140	
181	
136	
179	
171	
157	
195	
178	
140	
153	
174	
166	
184	
176	
147	
157	
174	
157	
158	
159	
155	
177	
170	
175	
142	
168	
152	
130	
168	
148	
169	
180	
148	
141	
152	
161	
159	
173	
173	
166	
174	
152	
171	
145	
160	
190	
168	
183	
132	
187	
168	
171	
170	
163	
146	
187	
168	
174	
157	
166	
187	
178	
198	
147	
180	
170	
184	
171	
154	
192	
182	
162	
158	
185	
157	
167	
155	
160	
174	
174	
155	
156	
175	
163	
164	
179	
175	
167	
163	
156	
173	
172	
172	
144	
158	
139	
172	
158	
150	
168	
151	
185	
179	
163	
161	
169	
153	
162	
151	
161	
166	
155	
166	
174	
172	
173	
163	
153	
164	
163	
184	
175	
192	
165	
162	
169	
165	
142	
168	
158	
147	
168	
167	
166	
170	
162	
155	
175	
172	
143	
177	
167	
170	
171	
156	
171	
173	
153	
154	
160	
169	
158	
164	
158	
174	
159	
189	
155	
154	
157	
161	
151	
169	
156	
140	
180	
161	
150	
174	
150	
177	
148	
150	
171	
171	
172	
138	
158	
151	
138	
154	
187	
154	
169	
196	
159	
165	
155	
177	
144	
162	
165	
147	
169	
167	
164	
160	
154	
178	
164	
168	
176	
170	
154	
145	
164	
156	
171	
151	
174	
173	
176	
161	
156	
170	
165	
151	
155	
156	
154	
162	
181	
188	
142	
167	
148	
152	
192	
139	
160	
175	
162	
154	
176	
169	
172	
155	
160	
169	
186	
168	
179	
188	
154	
191	
178	
157	
165	
154	
154	
152	
158	
180	
160	
149	
158	
175	
150	
160	
170	
159	
161	
159	
169	
163	
184	
161	
187	
154	
161	
166	
166	
149	
174	
186	
155	
171	
186	
135	
134	
163	
162	
159	
190	
196	
130	
146	
187	
174	
161	
147	
147	
192	
154	
160	
184	
161	
165	
149	
161	
139	
161	
155	
171	
155	
179	
157	
152	
157	
168	
157	
184	
166	
172	
143	
171	
188	
168	
158	
153	
176	
168	
168	
159	
167	
159	
176	
178	
151	
159	
175	
158	
173	
174	
177	
155	
160	
172	
170	
151	
156	
154	
153	
157	
193	
154	
174	
165	
131	
176	
176	
165	
178	
137	
159	
167	
170	
168	
168	
180	
182	
154	
193	
171	
180	
163	
177	
176	
149	
164	
156	
150	
154	
165	
175	
171	
173	
151	
169	
169	
186	
159	
161	
172	
166	
174	
164	
141	
165	
164	
160	
188	
154	
182	
176	
192	
137	
171	
150	
166	
162	
163	
140	
157	
163	
160	
162	
153	
184	
181	
172	
159	
160	
186	
173	
156	
160	
157	
157	
145	
185	
191	
165	
197	
147	
159	
147	
166	
180	
157	
175	
161	
158	
175	
159	
164	
171	
161	
172	
140	
171	
149	
151	
181	
161	
152	
167	
189	
149	
165	
183	
159	
180	
169	
168	
167	
169	
164	
175	
167	
157	
173	
171	
198	
189	
167	
168	
164	
173	
161	
159	
181	
182	
168	
189	
157	
186	
171	
153	
154	
158	
147	
153	
204	
146	
162	
170	
165	
148	
149	
160	
135	
181	
174	
173	
156	
177	
172	
164	
191	
163	
175	
184	
150	
161	
179	
166	
171	
145	
173	
145	
162	
163	
175	
162	
153	
161	
166	
155	
182	
150	
180	
161	
147	
182	
172	
165	
157	
168	
146	
162	
182	
159	
171	
174	
173	
148	
157	
162	
151	
163	
144	
164	
140	
148	
150	
179	
177	
160	
140	
184	
154	
177	
157	
162	
173	
166	
157	
175	
151	
172	
154	
164	
179	
156	
158	
187	
166	
176	
166	
169	
177	
168	
162	
174	
159	
155	
150	
157	
168	
166	
162	
179	
161	
157	
172	
158	
159	
152	
166	
140	
165	
150	
179	
196	
158	
177	
166	
161	
154	
146	
185	
163	
168	
149	
142	
152	
152	
150	
156	
202	
135	
149	
158	
161	
173	
155	
155	
172	
187	
148	
164	
154	
158	
168	
142	
169	
161	
175	
155	
166	
151	
145	
148	
165	
164	
154	
173	
182	
159	
155	
182	
167	
170	
167	
161	
186	
173	
158	
177	
153	
174	
185	
180	
152	
151	
170	
146	
172	
182	
150	
158	
157	
162	
139	
137	
166	
156	
171	
149	
152	
177	
181	
186	
169	
170	
135	
172	
162	
151	
160	
161	
164	
160	
169	
135	
171	
181	
162	
165	
166	
132	
178	
172	
167	
141	
168	
165	
167	
175	
144	
162	
148	
164	
164	
174	
170	
176	
162	
163	
166	
171	
179	
182	
186	
149	
187	
166	
186	
162	
166	
157	
154	
172	
163	
160	
163	
171	
173	
151	
148	
168	
160	
154	
176	
171	
166	
143	
171	
156	
164	
157	
158	
163	
144	
143	
148	
151	
152	
158	
149	
160	
164	
139	
181	
170	
183	
182	
152	
173	
165	
139	
176	
176	
162	
173	
160	
166	
152	
159	
164	
175	
167	
171	
155	
145	
196	
189	
157	
198	
172	
169	
174	
169	
178	
160	
169	
160	
144	
180	
160	
165	
167	
177	
166	
176	
179	
158	
177	
179	
163	
147	
121	
168	
164	
143	
165	
186	
168	
177	
167	
173	
163	
155	
172	
170	
155	
173	
144	
170	
143	
166	
189	
168	
151	
162	
170	
178	
157	
159	
158	
147	
174	
164	
152	
156	
151	
172	
149	
150	
168	
180	
158	
159	
153	
162	
171	
150	
168	
164	
149	
142	
169	
182	
167	
177	
172	
178	
175	
155	
169	
167	
141	
179	
145	
173	
136	
166	
179	
176	
166	
164	
157	
171	
155	
162	
145	
158	
155	
176	
180	
152	
155	
167	
195	
170	
156	
159	
160	
164	
170	
168	
173	
152	
167	
149	
194	
148	
161	
127	
162	
164	
187	
158	
164	
156	
176	
162	
174	
158	
163	
158	
150	
164	
161	
176	
172	
152	
154	
135	
172	
162	
170	
151	
177	
161	
187	
166	
154	
161	
162	
168	
154	
172	
157	
163	
153	
162	
174	
171	
163	
167	
185	
181	
166	
172	
155	
143	
158	
153	
176	
143	
148	
185	
178	
159	
171	
151	
169	
174	
164	
174	
164	
185	
173	
166	
163	
176	
164	
167	
138	
165	
170	
183	
161	
193	
166	
179	
175	
179	
161	
174	
163	
155	
151	
200	
160	
170	
166	
169	
166	
160	
154	
150	
148	
169	
143	
162	
165	
158	
168	
169	
162	
174	
177	
165	
176	
165	
152	
175	
160	
177	
147	
157	
184	
142	
192	
174	
169	
144	
148	
158	
179	
156	
142	
164	
178	
141	
155	
167	
166	
173	
143	
146	
166	
149	
178	
153	
161	
172	
160	
171	
178	
174	
178	
149	
175	
157	
165	
148	
153	
192	
177	
160	
169	
169	
162	
140	
171	
168	
143	
166	
178	
144	
176	
164	
173	
171	
181	
163	
156	
160	
174	
179	
158	
168	
156	
165	
162	
171	
173	
169	
164	
173	
155	
150	
183	
197	
149	
168	
162	
171	
172	
172	
154	
167	
166	
170	
160	
150	
165	
187	
162	
167	
185	
161	
173	
166	
156	
154	
145	
190	
152	
164	
158	
169	
170	
168	
184	
160	
146	
172	
177	
156	
153	
149	
185	
156	
177	
161	
156	
166	
148	
161	
171	
166	
154	
166	
192	
146	
164	
153	
170	
152	
181	
148	
183	
158	
191	
181	
150	
165	
177	
160	
166	
188	
162	
167	
147	
184	
171	
187	
141	
175	
154	
162	
162	
184	
157	
184	
152	
163	
170	
155	
149	
173	
167	
192	
140	
168	
178	
151	
177	
167	
158	
175	
164	
203	
170	
159	
183	
192	
155	
170	
168	
176	
170	
165	
140	
171	
192	
137	
158	
182	
162	
166	
161	
181	
156	
154	
160	
187	
175	
158	
164	
164	
179	
170	
172	
162	
169	
172	
146	
162	
168	
162	
164	
183	
169	
199	
176	
180	
172	
189	
155	
138	
147	
168	
193	
176	
174	
164	
172	
161	
169	
178	
150	
162	
174	
156	
166	
189	
173	
164	
166	
161	
161	
184	
175	
172	
183	
164	
186	
148	
151	
146	
149	
161	
152	
172	
172	
168	
163	
167	
156	
186	
173	
181	
166	
155	
156	
167	
154	
158	
145	
159	
160	
170	
166	
160	
154	
177	
192	
190	
159	
168	
172	
167	
167	
187	
168	
167	
173	
184	
177	
160	
160	
186	
176	
170	
181	
181	
160	
166	
175	
179	
176	
159	
160	
150	
176	
178	
181	
170	
151	
152	
178	
180	
155	
173	
162	
134	
152	
156	
151	
162	
157	
155	
186	
194	
165	
165	
164	
147	
178	
164	
152	
158	
157	
181	
174	
171	
141	
182	
176	
176	
172	
166	
153	
158	
176	
185	
153	
152	
167	
160	
156	
144	
151	
167	
157	
186	
174	
174	
146	
162	
166	
189	
159	
146	
167	
154	
181	
183	
148	
161	
156	
177	
179	
144	
170	
163	
166	
175	
176	
158	
182	
178	
178	
159	
165	
169	
157	
164	
169	
153	
180	
152	
172	
192	
166	
163	
164	
180	
156	
185	
157	
173	
153	
160	
174	
165	
183	
161	
165	
178	
161	
191	
147	
179	
175	
154	
199	
163	
155	
176	
162	
155	
178	
157	
169	
183	
177	
170	
148	
176	
193	
149	
158	
170	
157	
148	
171	
170	
150	
160	
162	
176	
170	
170	
160	
154	
147	
189	
160	
188	
163	
155	
180	
208	
182	
153	
172	
170	
143	
150	
167	
160	
145	
166	
169	
160	
175	
165	
167	
186	
176	
164	
176	
159	
151	
172	
161	
170	
173	
188	
165	
174	
162	
164	
162	
171	
185	
174	
156	
166	
176	
159	
170	
162	
194	
161	
176	
150	
177	
153	
164	
172	
181	
176	
167	
145	
167	
143	
177	
157	
164	
175	
158	
169	
122	
180	
167	
164	
173	
167	
162	
176	
168	
170	
173	
176	
167	
172	
158	
173	
142	
163	
158	
186	
190	
167	
180	
154	
181	
180	
155	
147	
175	
154	
153	
158	
165	
158	
142	
174	
170	
144	
194	
152	
158	
138	
163	
163	
157	
166	
151	
181	
166	
189	
175	
154	
166	
185	
167	
145	
159	
187	
170	
183	
144	
162	
163	
157	
148	
143	
179	
147	
169	
173	
156	
151	
180	
157	
164	
176	
181	
177	
159	
166	
167	
164	
158	
172	
185	
171	
148	
165	
167	
154	
165	
153	
180	
174	
175	
179	
162	
165	
181	
157	
183	
160	
179	
167	
182	
172	
139	
157	
174	
161	
170	
181	
166	
168	
175	
179	
161	
177	
170	
161	
177	
166	
166	
152	
181	
140	
173	
180	
162	
154	
165	
167	
156	
154	
157	
154	
171	
179	
174	
193	
160	
175	
154	
159	
172	
187	
154	
173	
170	
163	
165	
180	
165	
157	
161	
181	
162	
184	
165	
164	
149	
160	
194	
167	
163	
168	
161	
168	
170	
166	
169	
161	
162	
166	
149	
154	
179	
188	
149	
191	
188	
179	
169	
179	
164	
169	
127	
174	
179	
134	
176	
207	
167	
184	
170	
166	
181	
167	
148	
159	
133	
176	
184	
176	
152	
157	
152	
158	
180	
180	
162	
175	
164	
187	
154	
154	
172	
162	
169	
164	
179	
154	
181	
175	
150	
165	
189	
188	
148	
171	
183	
181	
181	
162	
169	
152	
170	
169	
166	
150	
166	
153	
164	
167	
177	
179	
194	
181	
164	
168	
175	
159	
168	
185	
170	
187	
172	
171	
165	
146	
154	
168	
193	
174	
180	
166	
185	
170	
175	
155	
170	
173	
144	
147	
183	
158	
161	
167	
148	
159	
164	
168	
142	
182	
174	
171	
153	
140	
165	
158	
144	
172	
145	
156	
164	
192	
145	
157	
166	
168	
166	
159	
181	
173	
167	
165	
163	
173	
176	
159	
151	
157	
137	
163	
167	
152	
186	
181	
142	
166	
200	
146	
157	
155	
174	
155	
152	
162	
185	
181	
153	
158	
152	
176	
172	
162	
180	
158	
175	
179	
171	
160	
168	
146	
156	
167	
157	
172	
154	
162	
182	
163	
154	
160	
171	
151	
152	
168	
163	
193	
190	
168	
191	
155	
157	
174	
173	
181	
176	
162	
159	
177	
160	
161	
185	
195	
184	
151	
152	
152	
190	
172	
179	
138	
171	
158	
171	
164	
175	
178	
162	
164	
173	
148	
158	
172	
155	
172	
158	
189	
176	
153	
140	
162	
165	
170	
161	
150	
149	
166	
149	
136	
172	
168	
169	
163	
173	
187	
167	
156	
158	
170	
164	
179	
170	
183	
163	
156	
164	
173	
188	
162	
177	
177	
179	
192	
190	
201	
178	
170	
150	
160	
159	
163	
168	
151	
162	
151	
187	
172	
155	
195	
174	
163	
170	
148	
154	
193	
170	
151	
148	
160	
180	
160	
140	
168	
191	
159	
156	
151	
185	
170	
154	
169	
150	
153	
172	
167	
186	
167	
172	
154	
170	
181	
154	
147	
162	
151	
167	
154	
158	
162	
172	
174	
152	
138	
166	
160	
199	
157	
145	
133	
173	
175	
173	
167	
138	
165	
169	
180	
179	
174	
156	
163	
168	
171	
171	
179	
151	
153	
158	
160	
177	
180	
140	
191	
161	
165	
172	
154	
158	
146	
158	
166	
163	
136	
167	
180	
143	
155	
162	
175	
168	
168	
162	
166	
147	
142	
172	
163	
162	
157	
164	
166	
159	
153	
169	
179	
187	
169	
158	
148	
164	
155	
167	
187	
173	
172	
178	
168	
154	
161	
169	
212	
168	
164	
154	
172	
166	
164	
179	
159	
152	
200	
183	
187	
163	
159	
161	
191	
146	
169	
163	
181	
185	
175	
150	
178	
144	
177	
186	
170	
187	
174	
170	
171	
173	
153	
176	
172	
163	
161	
168	
148	
190	
162	
179	
190	
163	
159	
164	
168	
164	
172	
171	
156	
161	
173	
180	
176	
159	
183	
187	
188	
190	
162	
156	
151	
151	
173	
170	
168	
186	
179	
170	
155	
160	
157	
166	
169	
152	
150	
169	
178	
162	
165	
194	
175	
156	
161	
170	
169	
164	
157	
170	
161	
145	
177	
168	
181	
153	
159	
159	
186	
157	
170	
176	
165	
157	
165	
164	
178	
165	
162	
154	
157	
176	
165	
199	
168	
181	
160	
174	
143	
178	
160	
158	
166	
167	
155	
181	
169	
173	
158	
161	
176	
176	
149	
178	
160	
167	
160	
160	
169	
178	
159	
170	
172	
167	
167	
180	
177	
174	
174	
167	
179	
158	
165	
184	
177	
157	
176	
168	
168	
171	
178	
154	
168	
177	
174	
170	
168	
154	
152	
169	
192	
189	
165	
156	
178	
163	
157	
164	
175	
171	
145	
188	
188	
165	
170	
166	
166	
136	
161	
164	
178	
160	
150	
169	
184	
137	
182	
186	
161	
181	
138	
154	
184	
168	
162	
183	
179	
161	
158	
182	
168	
141	
165	
179	
192	
169	
183	
170	
164	
172	
195	
151	
165	
192	
172	
180	
170	
157	
175	
143	
148	
153	
165	
161	
157	
171	
154	
157	
171	
180	
148	
172	
193	
179	
171	
185	
145	
178	
157	
194	
160	
170	
188	
149	
185	
166	
167	
180	
184	
188	
178	
175	
161	
170	
161	
185	
150	
158	
149	
150	
162	
168	
166	
180	
176	
170	
180	
196	
147	
170	
171	
161	
157	
172	
169	
142	
200	
183	
165	
181	
146	
197	
185	
157	
170	
208	
168	
166	
161	
176	
164	
169	
173	
170	
179	
174	
188	
180	
169	
158	
165	
200	
175	
189	
173	
170	
169	
175	
169	
188	
187	
194	
186	
154	
161	
185	
167	
188	
155	
181	
183	
155	
163	
163	
193	
172	
189	
185	
167	
152	
180	
169	
161	
143	
195	
148	
153	
153	
154	
171	
174	
179	
174	
164	
169	
174	
176	
193	
172	
169	
174	
156	
153	
152	
178	
156	
141	
152	
154	
153	
166	
162	
179	
179	
180	
147	
174	
166	
169	
150	
166	
176	
167	
182	
171	
137	
151	
184	
183	
171	
175	
180	
145	
194	
163	
165	
175	
167	
173	
172	
158	
164	
166	
165	
171	
170	
160	
170	
186	
161	
181	
139	
146	
172	
164	
189	
180	
161	
163	
147	
152	
190	
160	
174	
154	
186	
173	
164	
159	
176	
160	
179	
182	
158	
171	
176	
177	
169	
175	
181	
161	
171	
165	
171	
168	
174	
178	
153	
203	
162	
169	
187	
170	
165	
193	
164	
156	
165	
169	
168	
179	
170	
184	
159	
181	
201	
152	
154	
175	
178	
170	
169	
163	
171	
182	
173	
163	
161	
167	
171	
185	
175	
151	
162	
164	
166	
165	
159	
166	
184	
175	
169	
179	
184	
154	
173	
170	
186	
161	
172	
162	
157	
160	
148	
165	
172	
155	
142	
165	
180	
173	
168	
187	
160	
174	
188	
172	
201	
151	
162	
185	
178	
164	
177	
151	
179	
167	
176	
177	
159	
192	
169	
188	
170	
152	
181	
161	
160	
166	
179	
173	
158	
173	
176	
202	
163	
180	
157	
165	
185	
183	
190	
171	
175	
169	
159	
161	
171	
178	
158	
164	
162	
173	
184	
176	
182	
146	
180	
157	
176	
185	
188	
171	
175	
158	
163	
168	
159	
174	
183	
156	
155	
163	
174	
163	
202	
197	
154	
170	
151	
187	
180	
161	
156	
174	
146	
177	
166	
182	
161	
168	
160	
182	
190	
176	
184	
163	
164	
171	
170	
155	
153	
159	
152	
172	
167	
181	
176	
180	
177	
165	
161	
191	
174	
159	
154	
171	
164	
161	
174	
175	
164	
186	
169	
167	
169	
190	
164	
186	
157	
172	
173	
150	
172	
178	
178	
174	
150	
165	
174	
144	
163	
174	
181	
190	
168	
153	
171	
163	
151	
184	
160	
161	
150	
166	
172	
177	
179	
177	
180	
211	
187	
176	
180	
182	
169	
184	
169	
174	
167	
195	
173	
173	
166	
185	
180	
170	
171	
182	
184	
184	
172	
155	
161	
175	
187	
159	
164	
169	
157	
170	
164	
164	
160	
183	
182	
173	
152	
162	
176	
170	
165	
171	
140	
158	
181	
157	
162	
173	
167	
180	
162	
181	
154	
180	
171	
165	
142	
172	
165	
183	
168	
171	
197	
151	
185	
149	
180	
162	
182	
167	
175	
169	
156	
184	
178	
185	
181	
166	
187	
181	
184	
172	
180	
157	
192	
167	
171	
174	
195	
167	
160	
181	
194	
176	
175	
165	
171	
169	
167	
178	
182	
171	
162	
156	
174	
173	
167	
156	
186	
179	
179	
176	
193	
184	
154	
174	
177	
177	
166	
165	
160	
176	
214	
183	
172	
185	
156	
175	
159	
172	
176	
176	
199	
172	
170	
180	
166	
161	
161	
159	
172	
144	
179	
172	
179	
163	
159	
163	
173	
193	
193	
163	
180	
172	
170	
163	
164	
184	
196	
168	
191	
163	
184	
162	
162	
146	
154	
183	
170	
177	
174	
170	
169	
166	
157	
200	
188	
165	
161	
179	
183	
189	
188	
169	
191	
163	
157	
186	
179	
172	
170	
152	
164	
155	
165	
145	
169	
183	
171	
163	
167	
155	
183	
161	
172	
195	
161	
174	
188	
179	
178	
169	
171	
157	
166	
154	
156	
180	
166	
154	
180	
171	
191	
158	
188	
166	
176	
165	
178	
173	
188	
163	
180	
154	
211	
198	
180	
178	
164	
192	
181	
164	
174	
147	
183	
185	
158	
181	
152	
187	
159	
175	
174	
165	
165	
160	
155	
195	
176	
170	
175	
181	
164	
195	
176	
161	
185	
179	
179	
173	
173	
178	
172	
212	
185	
168	
180	
153	
172	
179	
178	
185	
181	
164	
173	
174	
174	
185	
192	
173	
190	
169	
198	
187	
198	
186	
174	
167	
174	
196	
189	
195	
177	
156	
193	
192	
180	
177	
182	
182	
181	
181	
197	
181	
179	
167	
185	
184	
189	
177	
168	
182	
179	
167	
177	
190	
177	
185	
183	
186	
183	
177	
175	
172	
168	
161	
204	
188	
201	
178	
178	
166	
168	
171	
191	
152	
171	
179	
191	
193	
190	
181	
178	
186	
175	
194	
176	
178	
160	
190	
173	
190	
186	
187	
207	
172	
193	
212	
193	
180	
216	
165	
200	
185	
191	
221	
204	
188	
193	
204	
185	
206	
199	
197	
194	
186	
184	
196	
154	
189	
181	
200	
197	
161	
183	
188	
180	
199	
177	
195	
192	
203	
190	
210	
157	
222	
188	
174	
179	
194	
203	
184	
219	
186	
218	
195	
229	
178	
183	
186	
192	
196	
193	
186	
178	
208	
189	
200	
210	
200	
184	
188	
186	
195	
174	
178	
204	
181	
175	
171	
210	
197	
171	
191	
193	
195	
186	
169	
179	
202	
149	
139	
138	
142	
152	
123	
112	
112	
108	
142	
136	
168	
139	
159	
150	
201	
196	
173	
211	
188	
178	
166	
201	
195	
187	
190	
189	
187	
199	
178	
215	
207	
242	
205	
201	
170	
184	
192	
199	
193	
182	
208	
197	
189	
188	
230	
195	
211	
219	
214	
227	
187	
207	
207	
191	
210	
223	
193	
167	
202	
194	
201	
213	
220	
193	
186	
150	
170	
186	
200	
198	
191	
189	
187	
197	
188	
182	
204	
212	
193	
212	
187	
213	
197	
205	
193	
224	
179	
182	
205	
199	
200	
229	
195	
191	
201	
216	
179	
209	
203	
202	
181	
178	
171	
214	
173	
196	
188	
203	
213	
181	
176	
45	
0	
0	
0	
0	
0	
0	
0	
0	
0	
0	
0	
0	
0	
0	
0	
0	
0	
0	
0	
0	
0	
0	
0	
0	
